original_url,id_a,idioma_a,id_b,idioma_b,similitud
https://hitdarderut-haaretz.org/,en/index,en,es/index,es,0.7984490990638733
https://hitdarderut-haaretz.org/,en/index,en,pt/index,pt,0.8022109270095825
https://hitdarderut-haaretz.org/,es/index,es,pt/index,pt,0.9611892104148865
https://hitdarderut-haaretz.org/acharit-halelot0,en/end-of-nights0,en,es/end-of-nights0,es,0.7851677536964417
https://hitdarderut-haaretz.org/acharit-halelot0,en/end-of-nights0,en,pt/end-of-nights0,pt,0.7868285179138184
https://hitdarderut-haaretz.org/acharit-halelot0,es/end-of-nights0,es,pt/end-of-nights0,pt,0.9430198669433594
https://hitdarderut-haaretz.org/acharit-halelot1,en/end-of-nights1,en,es/end-of-nights1,es,0.773685097694397
https://hitdarderut-haaretz.org/acharit-halelot1,en/end-of-nights1,en,pt/end-of-nights1,pt,0.7813572883605957
https://hitdarderut-haaretz.org/acharit-halelot1,es/end-of-nights1,es,pt/end-of-nights1,pt,0.9690346121788025
https://hitdarderut-haaretz.org/acharit-halelot10,en/end-of-nights10,en,es/end-of-nights10,es,0.8683043718338013
https://hitdarderut-haaretz.org/acharit-halelot10,en/end-of-nights10,en,pt/end-of-nights10,pt,0.8884475231170654
https://hitdarderut-haaretz.org/acharit-halelot10,es/end-of-nights10,es,pt/end-of-nights10,pt,0.9128151535987854
https://hitdarderut-haaretz.org/acharit-halelot11,en/end-of-nights11,en,es/end-of-nights11,es,0.787029504776001
https://hitdarderut-haaretz.org/acharit-halelot11,en/end-of-nights11,en,pt/end-of-nights11,pt,0.7532715201377869
https://hitdarderut-haaretz.org/acharit-halelot11,es/end-of-nights11,es,pt/end-of-nights11,pt,0.942602276802063
https://hitdarderut-haaretz.org/acharit-halelot12,en/end-of-nights12,en,es/end-of-nights12,es,0.8182671070098877
https://hitdarderut-haaretz.org/acharit-halelot12,en/end-of-nights12,en,pt/end-of-nights12,pt,0.8010297417640686
https://hitdarderut-haaretz.org/acharit-halelot12,es/end-of-nights12,es,pt/end-of-nights12,pt,0.8919883370399475
https://hitdarderut-haaretz.org/acharit-halelot13,en/end-of-nights13,en,es/end-of-nights13,es,0.7752977609634399
https://hitdarderut-haaretz.org/acharit-halelot13,en/end-of-nights13,en,pt/end-of-nights13,pt,0.7755423784255981
https://hitdarderut-haaretz.org/acharit-halelot13,es/end-of-nights13,es,pt/end-of-nights13,pt,0.949802041053772
https://hitdarderut-haaretz.org/acharit-halelot3,en/end-of-nights3,en,es/end-of-nights3,es,0.8479098677635193
https://hitdarderut-haaretz.org/acharit-halelot3,en/end-of-nights3,en,pt/end-of-nights3,pt,0.8958088159561157
https://hitdarderut-haaretz.org/acharit-halelot3,es/end-of-nights3,es,pt/end-of-nights3,pt,0.9098720550537109
https://hitdarderut-haaretz.org/acharit-halelot4,en/end-of-nights4,en,es/end-of-nights4,es,0.9117635488510132
https://hitdarderut-haaretz.org/acharit-halelot4,en/end-of-nights4,en,pt/end-of-nights4,pt,0.9276006817817688
https://hitdarderut-haaretz.org/acharit-halelot4,es/end-of-nights4,es,pt/end-of-nights4,pt,0.9447370767593384
https://hitdarderut-haaretz.org/acharit-halelot5,en/end-of-nights5,en,es/end-of-nights5,es,0.8672266006469727
https://hitdarderut-haaretz.org/acharit-halelot5,en/end-of-nights5,en,pt/end-of-nights5,pt,0.8662572503089905
https://hitdarderut-haaretz.org/acharit-halelot5,es/end-of-nights5,es,pt/end-of-nights5,pt,0.9800533056259155
https://hitdarderut-haaretz.org/acharit-halelot6,en/end-of-nights6,en,es/end-of-nights6,es,0.8235160708427429
https://hitdarderut-haaretz.org/acharit-halelot6,en/end-of-nights6,en,pt/end-of-nights6,pt,0.7986365556716919
https://hitdarderut-haaretz.org/acharit-halelot6,es/end-of-nights6,es,pt/end-of-nights6,pt,0.8749475479125977
https://hitdarderut-haaretz.org/acharit-halelot9,en/end-of-nights9,en,es/end-of-nights9,es,0.8814846277236938
https://hitdarderut-haaretz.org/acharit-halelot9,en/end-of-nights9,en,pt/end-of-nights9,pt,0.8849767446517944
https://hitdarderut-haaretz.org/acharit-halelot9,es/end-of-nights9,es,pt/end-of-nights9,pt,0.9531441926956177
https://hitdarderut-haaretz.org/actualia,en/alternative-commentary,en,es/alternative-commentary,es,0.8530533909797668
https://hitdarderut-haaretz.org/actualia,en/alternative-commentary,en,pt/alternative-commentary,pt,0.8645751476287842
https://hitdarderut-haaretz.org/actualia,es/alternative-commentary,es,pt/alternative-commentary,pt,0.9263303875923157
https://hitdarderut-haaretz.org/actualia1,en/alternative-commentary1,en,es/alternative-commentary1,es,0.9474548101425171
https://hitdarderut-haaretz.org/actualia1,en/alternative-commentary1,en,pt/alternative-commentary1,pt,0.9342445731163025
https://hitdarderut-haaretz.org/actualia1,es/alternative-commentary1,es,pt/alternative-commentary1,pt,0.9730217456817627
https://hitdarderut-haaretz.org/actualia10,en/alternative-commentary10,en,es/alternative-commentary10,es,0.9565895199775696
https://hitdarderut-haaretz.org/actualia10,en/alternative-commentary10,en,pt/alternative-commentary10,pt,0.9475972652435303
https://hitdarderut-haaretz.org/actualia10,es/alternative-commentary10,es,pt/alternative-commentary10,pt,0.9747022390365601
https://hitdarderut-haaretz.org/actualia11,en/alternative-commentary11,en,es/alternative-commentary11,es,0.9167650938034058
https://hitdarderut-haaretz.org/actualia11,en/alternative-commentary11,en,pt/alternative-commentary11,pt,0.9067689180374146
https://hitdarderut-haaretz.org/actualia11,es/alternative-commentary11,es,pt/alternative-commentary11,pt,0.9739245176315308
https://hitdarderut-haaretz.org/actualia14,en/alternative-commentary14,en,es/alternative-commentary14,es,0.8916385173797607
https://hitdarderut-haaretz.org/actualia14,en/alternative-commentary14,en,pt/alternative-commentary14,pt,0.8967554569244385
https://hitdarderut-haaretz.org/actualia14,es/alternative-commentary14,es,pt/alternative-commentary14,pt,0.9740758538246155
https://hitdarderut-haaretz.org/actualia15,en/alternative-commentary15,en,es/alternative-commentary15,es,0.9011492133140564
https://hitdarderut-haaretz.org/actualia15,en/alternative-commentary15,en,pt/alternative-commentary15,pt,0.9064836502075195
https://hitdarderut-haaretz.org/actualia15,es/alternative-commentary15,es,pt/alternative-commentary15,pt,0.9608500003814697
https://hitdarderut-haaretz.org/actualia16,en/alternative-commentary16,en,es/alternative-commentary16,es,0.8998894691467285
https://hitdarderut-haaretz.org/actualia16,en/alternative-commentary16,en,pt/alternative-commentary16,pt,0.8320799469947815
https://hitdarderut-haaretz.org/actualia16,es/alternative-commentary16,es,pt/alternative-commentary16,pt,0.9316315650939941
https://hitdarderut-haaretz.org/actualia17,en/alternative-commentary17,en,es/alternative-commentary17,es,0.9036498069763184
https://hitdarderut-haaretz.org/actualia17,en/alternative-commentary17,en,pt/alternative-commentary17,pt,0.9047863483428955
https://hitdarderut-haaretz.org/actualia17,es/alternative-commentary17,es,pt/alternative-commentary17,pt,0.98682701587677
https://hitdarderut-haaretz.org/actualia18,en/alternative-commentary18,en,es/alternative-commentary18,es,0.9296650290489197
https://hitdarderut-haaretz.org/actualia18,en/alternative-commentary18,en,pt/alternative-commentary18,pt,0.8951064348220825
https://hitdarderut-haaretz.org/actualia18,es/alternative-commentary18,es,pt/alternative-commentary18,pt,0.9235798120498657
https://hitdarderut-haaretz.org/actualia2,en/alternative-commentary2,en,es/alternative-commentary2,es,0.9150346517562866
https://hitdarderut-haaretz.org/actualia2,en/alternative-commentary2,en,pt/alternative-commentary2,pt,0.9381373524665833
https://hitdarderut-haaretz.org/actualia2,es/alternative-commentary2,es,pt/alternative-commentary2,pt,0.9618138074874878
https://hitdarderut-haaretz.org/actualia20,en/alternative-commentary20,en,es/alternative-commentary20,es,0.927819550037384
https://hitdarderut-haaretz.org/actualia20,en/alternative-commentary20,en,pt/alternative-commentary20,pt,0.9193976521492004
https://hitdarderut-haaretz.org/actualia20,es/alternative-commentary20,es,pt/alternative-commentary20,pt,0.9610828757286072
https://hitdarderut-haaretz.org/actualia21,en/alternative-commentary21,en,es/alternative-commentary21,es,0.9386067390441895
https://hitdarderut-haaretz.org/actualia21,en/alternative-commentary21,en,pt/alternative-commentary21,pt,0.932657778263092
https://hitdarderut-haaretz.org/actualia21,es/alternative-commentary21,es,pt/alternative-commentary21,pt,0.972359299659729
https://hitdarderut-haaretz.org/actualia22,en/alternative-commentary22,en,es/alternative-commentary22,es,0.869849443435669
https://hitdarderut-haaretz.org/actualia22,en/alternative-commentary22,en,pt/alternative-commentary22,pt,0.8744272589683533
https://hitdarderut-haaretz.org/actualia22,es/alternative-commentary22,es,pt/alternative-commentary22,pt,0.9020713567733765
https://hitdarderut-haaretz.org/actualia24,en/alternative-commentary24,en,es/alternative-commentary24,es,0.8948203325271606
https://hitdarderut-haaretz.org/actualia24,en/alternative-commentary24,en,pt/alternative-commentary24,pt,0.9070910811424255
https://hitdarderut-haaretz.org/actualia24,es/alternative-commentary24,es,pt/alternative-commentary24,pt,0.9484023451805115
https://hitdarderut-haaretz.org/actualia26,en/alternative-commentary26,en,es/alternative-commentary26,es,0.9695680141448975
https://hitdarderut-haaretz.org/actualia26,en/alternative-commentary26,en,pt/alternative-commentary26,pt,0.9556357860565186
https://hitdarderut-haaretz.org/actualia26,es/alternative-commentary26,es,pt/alternative-commentary26,pt,0.9813568592071533
https://hitdarderut-haaretz.org/actualia27,en/alternative-commentary27,en,es/alternative-commentary27,es,0.9400436282157898
https://hitdarderut-haaretz.org/actualia27,en/alternative-commentary27,en,pt/alternative-commentary27,pt,0.9228083491325378
https://hitdarderut-haaretz.org/actualia27,es/alternative-commentary27,es,pt/alternative-commentary27,pt,0.9355044364929199
https://hitdarderut-haaretz.org/actualia28,en/alternative-commentary28,en,es/alternative-commentary28,es,0.9377197027206421
https://hitdarderut-haaretz.org/actualia28,en/alternative-commentary28,en,pt/alternative-commentary28,pt,0.9293245673179626
https://hitdarderut-haaretz.org/actualia28,es/alternative-commentary28,es,pt/alternative-commentary28,pt,0.9705057144165039
https://hitdarderut-haaretz.org/actualia29,en/alternative-commentary29,en,es/alternative-commentary29,es,0.8796117901802063
https://hitdarderut-haaretz.org/actualia29,en/alternative-commentary29,en,pt/alternative-commentary29,pt,0.8188920021057129
https://hitdarderut-haaretz.org/actualia29,es/alternative-commentary29,es,pt/alternative-commentary29,pt,0.8937073349952698
https://hitdarderut-haaretz.org/actualia3,en/alternative-commentary3,en,es/alternative-commentary3,es,0.9370572566986084
https://hitdarderut-haaretz.org/actualia3,en/alternative-commentary3,en,pt/alternative-commentary3,pt,0.9061458110809326
https://hitdarderut-haaretz.org/actualia3,es/alternative-commentary3,es,pt/alternative-commentary3,pt,0.9700697064399719
https://hitdarderut-haaretz.org/actualia31,en/alternative-commentary31,en,es/alternative-commentary31,es,0.9214903116226196
https://hitdarderut-haaretz.org/actualia31,en/alternative-commentary31,en,pt/alternative-commentary31,pt,0.9158254861831665
https://hitdarderut-haaretz.org/actualia31,es/alternative-commentary31,es,pt/alternative-commentary31,pt,0.9916115999221802
https://hitdarderut-haaretz.org/actualia32,en/alternative-commentary32,en,es/alternative-commentary32,es,0.9237930774688721
https://hitdarderut-haaretz.org/actualia32,en/alternative-commentary32,en,pt/alternative-commentary32,pt,0.9232266545295715
https://hitdarderut-haaretz.org/actualia32,es/alternative-commentary32,es,pt/alternative-commentary32,pt,0.9773353338241577
https://hitdarderut-haaretz.org/actualia34,en/alternative-commentary34,en,es/alternative-commentary34,es,0.7493264675140381
https://hitdarderut-haaretz.org/actualia34,en/alternative-commentary34,en,pt/alternative-commentary34,pt,0.745964765548706
https://hitdarderut-haaretz.org/actualia34,es/alternative-commentary34,es,pt/alternative-commentary34,pt,0.9380060434341431
https://hitdarderut-haaretz.org/actualia35,en/alternative-commentary35,en,es/alternative-commentary35,es,0.9368278980255127
https://hitdarderut-haaretz.org/actualia35,en/alternative-commentary35,en,pt/alternative-commentary35,pt,0.9256939888000488
https://hitdarderut-haaretz.org/actualia35,es/alternative-commentary35,es,pt/alternative-commentary35,pt,0.9705278277397156
https://hitdarderut-haaretz.org/actualia36,en/alternative-commentary36,en,es/alternative-commentary36,es,0.9663936495780945
https://hitdarderut-haaretz.org/actualia36,en/alternative-commentary36,en,pt/alternative-commentary36,pt,0.9393104314804077
https://hitdarderut-haaretz.org/actualia36,es/alternative-commentary36,es,pt/alternative-commentary36,pt,0.9822007417678833
https://hitdarderut-haaretz.org/actualia40,en/alternative-commentary40,en,es/alternative-commentary40,es,0.890089750289917
https://hitdarderut-haaretz.org/actualia40,en/alternative-commentary40,en,pt/alternative-commentary40,pt,0.9181381464004517
https://hitdarderut-haaretz.org/actualia40,es/alternative-commentary40,es,pt/alternative-commentary40,pt,0.9400572180747986
https://hitdarderut-haaretz.org/actualia44,en/alternative-commentary44,en,es/alternative-commentary44,es,0.8884102702140808
https://hitdarderut-haaretz.org/actualia44,en/alternative-commentary44,en,pt/alternative-commentary44,pt,0.7805291414260864
https://hitdarderut-haaretz.org/actualia44,es/alternative-commentary44,es,pt/alternative-commentary44,pt,0.8689300417900085
https://hitdarderut-haaretz.org/actualia45,en/alternative-commentary45,en,es/alternative-commentary45,es,0.8905708193778992
https://hitdarderut-haaretz.org/actualia45,en/alternative-commentary45,en,pt/alternative-commentary45,pt,0.8896746635437012
https://hitdarderut-haaretz.org/actualia45,es/alternative-commentary45,es,pt/alternative-commentary45,pt,0.868502140045166
https://hitdarderut-haaretz.org/actualia46,en/alternative-commentary46,en,es/alternative-commentary46,es,0.9155941009521484
https://hitdarderut-haaretz.org/actualia46,en/alternative-commentary46,en,pt/alternative-commentary46,pt,0.9282357692718506
https://hitdarderut-haaretz.org/actualia46,es/alternative-commentary46,es,pt/alternative-commentary46,pt,0.9794120192527771
https://hitdarderut-haaretz.org/actualia48,en/alternative-commentary48,en,es/alternative-commentary48,es,0.9594933986663818
https://hitdarderut-haaretz.org/actualia48,en/alternative-commentary48,en,pt/alternative-commentary48,pt,0.9704461693763733
https://hitdarderut-haaretz.org/actualia48,es/alternative-commentary48,es,pt/alternative-commentary48,pt,0.9825583696365356
https://hitdarderut-haaretz.org/actualia49,en/alternative-commentary49,en,es/alternative-commentary49,es,0.8249034881591797
https://hitdarderut-haaretz.org/actualia49,en/alternative-commentary49,en,pt/alternative-commentary49,pt,0.8106255531311035
https://hitdarderut-haaretz.org/actualia49,es/alternative-commentary49,es,pt/alternative-commentary49,pt,0.9485214352607727
https://hitdarderut-haaretz.org/actualia51,en/alternative-commentary51,en,es/alternative-commentary51,es,0.9242852926254272
https://hitdarderut-haaretz.org/actualia51,en/alternative-commentary51,en,pt/alternative-commentary51,pt,0.9330649971961975
https://hitdarderut-haaretz.org/actualia51,es/alternative-commentary51,es,pt/alternative-commentary51,pt,0.9842285513877869
https://hitdarderut-haaretz.org/actualia53,en/alternative-commentary53,en,es/alternative-commentary53,es,0.8762737512588501
https://hitdarderut-haaretz.org/actualia53,en/alternative-commentary53,en,pt/alternative-commentary53,pt,0.8715972900390625
https://hitdarderut-haaretz.org/actualia53,es/alternative-commentary53,es,pt/alternative-commentary53,pt,0.9360039234161377
https://hitdarderut-haaretz.org/actualia54,en/alternative-commentary54,en,es/alternative-commentary54,es,0.8645013570785522
https://hitdarderut-haaretz.org/actualia54,en/alternative-commentary54,en,pt/alternative-commentary54,pt,0.6655230522155762
https://hitdarderut-haaretz.org/actualia54,es/alternative-commentary54,es,pt/alternative-commentary54,pt,0.7804734110832214
https://hitdarderut-haaretz.org/actualia55,en/alternative-commentary55,en,es/alternative-commentary55,es,0.8727452158927917
https://hitdarderut-haaretz.org/actualia55,en/alternative-commentary55,en,pt/alternative-commentary55,pt,0.8829448819160461
https://hitdarderut-haaretz.org/actualia55,es/alternative-commentary55,es,pt/alternative-commentary55,pt,0.9844264984130859
https://hitdarderut-haaretz.org/actualia56,en/alternative-commentary56,en,es/alternative-commentary56,es,0.9227334260940552
https://hitdarderut-haaretz.org/actualia56,en/alternative-commentary56,en,pt/alternative-commentary56,pt,0.9420930743217468
https://hitdarderut-haaretz.org/actualia56,es/alternative-commentary56,es,pt/alternative-commentary56,pt,0.9809722900390625
https://hitdarderut-haaretz.org/actualia57,en/alternative-commentary57,en,es/alternative-commentary57,es,0.9509618878364563
https://hitdarderut-haaretz.org/actualia57,en/alternative-commentary57,en,pt/alternative-commentary57,pt,0.941142201423645
https://hitdarderut-haaretz.org/actualia57,es/alternative-commentary57,es,pt/alternative-commentary57,pt,0.9748647212982178
https://hitdarderut-haaretz.org/actualia58,en/alternative-commentary58,en,es/alternative-commentary58,es,0.9557998180389404
https://hitdarderut-haaretz.org/actualia58,en/alternative-commentary58,en,pt/alternative-commentary58,pt,0.9336345195770264
https://hitdarderut-haaretz.org/actualia58,es/alternative-commentary58,es,pt/alternative-commentary58,pt,0.9757137894630432
https://hitdarderut-haaretz.org/actualia6,en/alternative-commentary6,en,es/alternative-commentary6,es,0.9441708326339722
https://hitdarderut-haaretz.org/actualia6,en/alternative-commentary6,en,pt/alternative-commentary6,pt,0.9271607398986816
https://hitdarderut-haaretz.org/actualia6,es/alternative-commentary6,es,pt/alternative-commentary6,pt,0.9627249240875244
https://hitdarderut-haaretz.org/actualia60,en/alternative-commentary60,en,es/alternative-commentary60,es,0.9099854230880737
https://hitdarderut-haaretz.org/actualia60,en/alternative-commentary60,en,pt/alternative-commentary60,pt,0.8799940943717957
https://hitdarderut-haaretz.org/actualia60,es/alternative-commentary60,es,pt/alternative-commentary60,pt,0.9455232620239258
https://hitdarderut-haaretz.org/actualia61,en/alternative-commentary61,en,es/alternative-commentary61,es,0.9283906817436218
https://hitdarderut-haaretz.org/actualia61,en/alternative-commentary61,en,pt/alternative-commentary61,pt,0.8691482543945312
https://hitdarderut-haaretz.org/actualia61,es/alternative-commentary61,es,pt/alternative-commentary61,pt,0.9465599060058594
https://hitdarderut-haaretz.org/actualia62,en/alternative-commentary62,en,es/alternative-commentary62,es,0.9436821341514587
https://hitdarderut-haaretz.org/actualia62,en/alternative-commentary62,en,pt/alternative-commentary62,pt,0.8549619317054749
https://hitdarderut-haaretz.org/actualia62,es/alternative-commentary62,es,pt/alternative-commentary62,pt,0.8745282292366028
https://hitdarderut-haaretz.org/actualia63,en/alternative-commentary63,en,es/alternative-commentary63,es,0.9037803411483765
https://hitdarderut-haaretz.org/actualia63,en/alternative-commentary63,en,pt/alternative-commentary63,pt,0.9009586572647095
https://hitdarderut-haaretz.org/actualia63,es/alternative-commentary63,es,pt/alternative-commentary63,pt,0.9189791679382324
https://hitdarderut-haaretz.org/actualia64,en/alternative-commentary64,en,es/alternative-commentary64,es,0.6453298926353455
https://hitdarderut-haaretz.org/actualia64,en/alternative-commentary64,en,pt/alternative-commentary64,pt,0.8416624069213867
https://hitdarderut-haaretz.org/actualia64,es/alternative-commentary64,es,pt/alternative-commentary64,pt,0.7536966800689697
https://hitdarderut-haaretz.org/actualia65,en/alternative-commentary65,en,es/alternative-commentary65,es,0.9433153867721558
https://hitdarderut-haaretz.org/actualia65,en/alternative-commentary65,en,pt/alternative-commentary65,pt,0.9182949066162109
https://hitdarderut-haaretz.org/actualia65,es/alternative-commentary65,es,pt/alternative-commentary65,pt,0.9772630929946899
https://hitdarderut-haaretz.org/actualia66,en/alternative-commentary66,en,es/alternative-commentary66,es,0.8552002310752869
https://hitdarderut-haaretz.org/actualia66,en/alternative-commentary66,en,pt/alternative-commentary66,pt,0.8669060468673706
https://hitdarderut-haaretz.org/actualia66,es/alternative-commentary66,es,pt/alternative-commentary66,pt,0.8774856925010681
https://hitdarderut-haaretz.org/actualia68,en/alternative-commentary68,en,es/alternative-commentary68,es,0.9329193234443665
https://hitdarderut-haaretz.org/actualia68,en/alternative-commentary68,en,pt/alternative-commentary68,pt,0.928524374961853
https://hitdarderut-haaretz.org/actualia68,es/alternative-commentary68,es,pt/alternative-commentary68,pt,0.9798110723495483
https://hitdarderut-haaretz.org/actualia69,en/alternative-commentary69,en,es/alternative-commentary69,es,0.7848247289657593
https://hitdarderut-haaretz.org/actualia69,en/alternative-commentary69,en,pt/alternative-commentary69,pt,0.7513636350631714
https://hitdarderut-haaretz.org/actualia69,es/alternative-commentary69,es,pt/alternative-commentary69,pt,0.8838793039321899
https://hitdarderut-haaretz.org/actualia7,en/alternative-commentary7,en,es/alternative-commentary7,es,0.9037871360778809
https://hitdarderut-haaretz.org/actualia7,en/alternative-commentary7,en,pt/alternative-commentary7,pt,0.8961474895477295
https://hitdarderut-haaretz.org/actualia7,es/alternative-commentary7,es,pt/alternative-commentary7,pt,0.9850486516952515
https://hitdarderut-haaretz.org/actualia70,en/alternative-commentary70,en,es/alternative-commentary70,es,0.8212813138961792
https://hitdarderut-haaretz.org/actualia70,en/alternative-commentary70,en,pt/alternative-commentary70,pt,0.884872317314148
https://hitdarderut-haaretz.org/actualia70,es/alternative-commentary70,es,pt/alternative-commentary70,pt,0.8760021924972534
https://hitdarderut-haaretz.org/actualia71,en/alternative-commentary71,en,es/alternative-commentary71,es,0.967795729637146
https://hitdarderut-haaretz.org/actualia71,en/alternative-commentary71,en,pt/alternative-commentary71,pt,0.9451925158500671
https://hitdarderut-haaretz.org/actualia71,es/alternative-commentary71,es,pt/alternative-commentary71,pt,0.9607998132705688
https://hitdarderut-haaretz.org/actualia72,en/alternative-commentary72,en,es/alternative-commentary72,es,0.9395508766174316
https://hitdarderut-haaretz.org/actualia72,en/alternative-commentary72,en,pt/alternative-commentary72,pt,0.8839061260223389
https://hitdarderut-haaretz.org/actualia72,es/alternative-commentary72,es,pt/alternative-commentary72,pt,0.9286017417907715
https://hitdarderut-haaretz.org/actualia75,en/alternative-commentary75,en,es/alternative-commentary75,es,0.919070839881897
https://hitdarderut-haaretz.org/actualia75,en/alternative-commentary75,en,pt/alternative-commentary75,pt,0.9292306900024414
https://hitdarderut-haaretz.org/actualia75,es/alternative-commentary75,es,pt/alternative-commentary75,pt,0.9609788060188293
https://hitdarderut-haaretz.org/actualia76,en/alternative-commentary76,en,es/alternative-commentary76,es,0.8557916283607483
https://hitdarderut-haaretz.org/actualia76,en/alternative-commentary76,en,pt/alternative-commentary76,pt,0.8917701840400696
https://hitdarderut-haaretz.org/actualia76,es/alternative-commentary76,es,pt/alternative-commentary76,pt,0.9375725984573364
https://hitdarderut-haaretz.org/actualia8,en/alternative-commentary8,en,es/alternative-commentary8,es,0.912516713142395
https://hitdarderut-haaretz.org/actualia8,en/alternative-commentary8,en,pt/alternative-commentary8,pt,0.8943219184875488
https://hitdarderut-haaretz.org/actualia8,es/alternative-commentary8,es,pt/alternative-commentary8,pt,0.9530066847801208
https://hitdarderut-haaretz.org/actualia9,en/alternative-commentary9,en,es/alternative-commentary9,es,0.8160949945449829
https://hitdarderut-haaretz.org/actualia9,en/alternative-commentary9,en,pt/alternative-commentary9,pt,0.8295791149139404
https://hitdarderut-haaretz.org/actualia9,es/alternative-commentary9,es,pt/alternative-commentary9,pt,0.9594023823738098
https://hitdarderut-haaretz.org/bikoret-haaretz,en/press-review,en,es/press-review,es,0.8219689130783081
https://hitdarderut-haaretz.org/bikoret-haaretz,en/press-review,en,pt/press-review,pt,0.7867460250854492
https://hitdarderut-haaretz.org/bikoret-haaretz,es/press-review,es,pt/press-review,pt,0.9092795848846436
https://hitdarderut-haaretz.org/bikoret-haaretz1,en/press-review1,en,es/press-review1,es,0.8730078935623169
https://hitdarderut-haaretz.org/bikoret-haaretz1,en/press-review1,en,pt/press-review1,pt,0.8416511416435242
https://hitdarderut-haaretz.org/bikoret-haaretz1,es/press-review1,es,pt/press-review1,pt,0.9146857261657715
https://hitdarderut-haaretz.org/bikoret-haaretz10,en/press-review10,en,es/press-review10,es,0.9495240449905396
https://hitdarderut-haaretz.org/bikoret-haaretz10,en/press-review10,en,pt/press-review10,pt,0.9325398802757263
https://hitdarderut-haaretz.org/bikoret-haaretz10,es/press-review10,es,pt/press-review10,pt,0.958564281463623
https://hitdarderut-haaretz.org/bikoret-haaretz11,en/press-review11,en,es/press-review11,es,0.8098317980766296
https://hitdarderut-haaretz.org/bikoret-haaretz11,en/press-review11,en,pt/press-review11,pt,0.7458392381668091
https://hitdarderut-haaretz.org/bikoret-haaretz11,es/press-review11,es,pt/press-review11,pt,0.926753580570221
https://hitdarderut-haaretz.org/bikoret-haaretz12,en/press-review12,en,es/press-review12,es,0.7295519113540649
https://hitdarderut-haaretz.org/bikoret-haaretz12,en/press-review12,en,pt/press-review12,pt,0.7905737161636353
https://hitdarderut-haaretz.org/bikoret-haaretz12,es/press-review12,es,pt/press-review12,pt,0.8704841136932373
https://hitdarderut-haaretz.org/bikoret-haaretz14,en/press-review14,en,es/press-review14,es,0.9309613704681396
https://hitdarderut-haaretz.org/bikoret-haaretz14,en/press-review14,en,pt/press-review14,pt,0.856711745262146
https://hitdarderut-haaretz.org/bikoret-haaretz14,es/press-review14,es,pt/press-review14,pt,0.923261821269989
https://hitdarderut-haaretz.org/bikoret-haaretz15,en/press-review15,en,es/press-review15,es,0.8522993326187134
https://hitdarderut-haaretz.org/bikoret-haaretz15,en/press-review15,en,pt/press-review15,pt,0.8858180642127991
https://hitdarderut-haaretz.org/bikoret-haaretz15,es/press-review15,es,pt/press-review15,pt,0.9575632810592651
https://hitdarderut-haaretz.org/bikoret-haaretz2,en/press-review2,en,es/press-review2,es,0.8716465830802917
https://hitdarderut-haaretz.org/bikoret-haaretz2,en/press-review2,en,pt/press-review2,pt,0.8057124614715576
https://hitdarderut-haaretz.org/bikoret-haaretz2,es/press-review2,es,pt/press-review2,pt,0.9049122929573059
https://hitdarderut-haaretz.org/bikoret-haaretz3,en/press-review3,en,es/press-review3,es,0.8727424740791321
https://hitdarderut-haaretz.org/bikoret-haaretz3,en/press-review3,en,pt/press-review3,pt,0.9279895424842834
https://hitdarderut-haaretz.org/bikoret-haaretz3,es/press-review3,es,pt/press-review3,pt,0.9369328022003174
https://hitdarderut-haaretz.org/bikoret-haaretz6,en/press-review6,en,es/press-review6,es,0.8243571519851685
https://hitdarderut-haaretz.org/bikoret-haaretz6,en/press-review6,en,pt/press-review6,pt,0.7679237127304077
https://hitdarderut-haaretz.org/bikoret-haaretz6,es/press-review6,es,pt/press-review6,pt,0.9152884483337402
https://hitdarderut-haaretz.org/bikoret-haaretz7,en/press-review7,en,es/press-review7,es,0.79132080078125
https://hitdarderut-haaretz.org/bikoret-haaretz7,en/press-review7,en,pt/press-review7,pt,0.8123819828033447
https://hitdarderut-haaretz.org/bikoret-haaretz7,es/press-review7,es,pt/press-review7,pt,0.9802243709564209
https://hitdarderut-haaretz.org/bikoret-haaretz8,en/press-review8,en,es/press-review8,es,0.9104126691818237
https://hitdarderut-haaretz.org/bikoret-haaretz8,en/press-review8,en,pt/press-review8,pt,0.9053488969802856
https://hitdarderut-haaretz.org/bikoret-haaretz8,es/press-review8,es,pt/press-review8,pt,0.9541798233985901
https://hitdarderut-haaretz.org/bikoret-haaretz9,en/press-review9,en,es/press-review9,es,0.9741202592849731
https://hitdarderut-haaretz.org/bikoret-haaretz9,en/press-review9,en,pt/press-review9,pt,0.9369727969169617
https://hitdarderut-haaretz.org/bikoret-haaretz9,es/press-review9,es,pt/press-review9,pt,0.960880696773529
https://hitdarderut-haaretz.org/filosofia,en/philosophy-of-learning,en,es/philosophy-of-learning,es,0.9294509887695312
https://hitdarderut-haaretz.org/filosofia,en/philosophy-of-learning,en,pt/philosophy-of-learning,pt,0.9008548259735107
https://hitdarderut-haaretz.org/filosofia,es/philosophy-of-learning,es,pt/philosophy-of-learning,pt,0.9581711292266846
https://hitdarderut-haaretz.org/filosofia-all,en/philosophy-of-learning-all,en,es/philosophy-of-learning-all,es,0.9232313632965088
https://hitdarderut-haaretz.org/filosofia-all,en/philosophy-of-learning-all,en,pt/philosophy-of-learning-all,pt,0.890395998954773
https://hitdarderut-haaretz.org/filosofia-all,es/philosophy-of-learning-all,es,pt/philosophy-of-learning-all,pt,0.9586656093597412
https://hitdarderut-haaretz.org/filosofia1,en/philosophy-of-learning1,en,es/philosophy-of-learning1,es,0.8146426677703857
https://hitdarderut-haaretz.org/filosofia1,en/philosophy-of-learning1,en,pt/philosophy-of-learning1,pt,0.8703442811965942
https://hitdarderut-haaretz.org/filosofia1,es/philosophy-of-learning1,es,pt/philosophy-of-learning1,pt,0.9500224590301514
https://hitdarderut-haaretz.org/filosofia10,en/philosophy-of-learning10,en,es/philosophy-of-learning10,es,0.9371591806411743
https://hitdarderut-haaretz.org/filosofia10,en/philosophy-of-learning10,en,pt/philosophy-of-learning10,pt,0.9349492788314819
https://hitdarderut-haaretz.org/filosofia10,es/philosophy-of-learning10,es,pt/philosophy-of-learning10,pt,0.9688261151313782
https://hitdarderut-haaretz.org/filosofia11,en/philosophy-of-learning11,en,es/philosophy-of-learning11,es,0.9700684547424316
https://hitdarderut-haaretz.org/filosofia11,en/philosophy-of-learning11,en,pt/philosophy-of-learning11,pt,0.937761664390564
https://hitdarderut-haaretz.org/filosofia11,es/philosophy-of-learning11,es,pt/philosophy-of-learning11,pt,0.9620293378829956
https://hitdarderut-haaretz.org/filosofia12,en/philosophy-of-learning12,en,es/philosophy-of-learning12,es,0.8064414262771606
https://hitdarderut-haaretz.org/filosofia12,en/philosophy-of-learning12,en,pt/philosophy-of-learning12,pt,0.861162543296814
https://hitdarderut-haaretz.org/filosofia12,es/philosophy-of-learning12,es,pt/philosophy-of-learning12,pt,0.9440692663192749
https://hitdarderut-haaretz.org/filosofia13,en/philosophy-of-learning13,en,es/philosophy-of-learning13,es,0.8942966461181641
https://hitdarderut-haaretz.org/filosofia13,en/philosophy-of-learning13,en,pt/philosophy-of-learning13,pt,0.8441739082336426
https://hitdarderut-haaretz.org/filosofia13,es/philosophy-of-learning13,es,pt/philosophy-of-learning13,pt,0.9193395376205444
https://hitdarderut-haaretz.org/filosofia14,en/philosophy-of-learning14,en,es/philosophy-of-learning14,es,0.9235372543334961
https://hitdarderut-haaretz.org/filosofia14,en/philosophy-of-learning14,en,pt/philosophy-of-learning14,pt,0.917251706123352
https://hitdarderut-haaretz.org/filosofia14,es/philosophy-of-learning14,es,pt/philosophy-of-learning14,pt,0.9661597609519958
https://hitdarderut-haaretz.org/filosofia15,en/philosophy-of-learning15,en,es/philosophy-of-learning15,es,0.9220470190048218
https://hitdarderut-haaretz.org/filosofia15,en/philosophy-of-learning15,en,pt/philosophy-of-learning15,pt,0.8893373012542725
https://hitdarderut-haaretz.org/filosofia15,es/philosophy-of-learning15,es,pt/philosophy-of-learning15,pt,0.9443967938423157
https://hitdarderut-haaretz.org/filosofia16,en/philosophy-of-learning16,en,es/philosophy-of-learning16,es,0.7786004543304443
https://hitdarderut-haaretz.org/filosofia16,en/philosophy-of-learning16,en,pt/philosophy-of-learning16,pt,0.7775588035583496
https://hitdarderut-haaretz.org/filosofia16,es/philosophy-of-learning16,es,pt/philosophy-of-learning16,pt,0.8585249185562134
https://hitdarderut-haaretz.org/filosofia18,en/philosophy-of-learning18,en,es/philosophy-of-learning18,es,0.8815549612045288
https://hitdarderut-haaretz.org/filosofia18,en/philosophy-of-learning18,en,pt/philosophy-of-learning18,pt,0.8695709109306335
https://hitdarderut-haaretz.org/filosofia18,es/philosophy-of-learning18,es,pt/philosophy-of-learning18,pt,0.9563128352165222
https://hitdarderut-haaretz.org/filosofia19,en/philosophy-of-learning19,en,es/philosophy-of-learning19,es,0.9547444581985474
https://hitdarderut-haaretz.org/filosofia19,en/philosophy-of-learning19,en,pt/philosophy-of-learning19,pt,0.8385957479476929
https://hitdarderut-haaretz.org/filosofia19,es/philosophy-of-learning19,es,pt/philosophy-of-learning19,pt,0.8745563626289368
https://hitdarderut-haaretz.org/filosofia2,en/philosophy-of-learning2,en,es/philosophy-of-learning2,es,0.9097808599472046
https://hitdarderut-haaretz.org/filosofia2,en/philosophy-of-learning2,en,pt/philosophy-of-learning2,pt,0.9390046000480652
https://hitdarderut-haaretz.org/filosofia2,es/philosophy-of-learning2,es,pt/philosophy-of-learning2,pt,0.9371230602264404
https://hitdarderut-haaretz.org/filosofia20,en/philosophy-of-learning20,en,es/philosophy-of-learning20,es,0.9511891603469849
https://hitdarderut-haaretz.org/filosofia20,en/philosophy-of-learning20,en,pt/philosophy-of-learning20,pt,0.9513859748840332
https://hitdarderut-haaretz.org/filosofia20,es/philosophy-of-learning20,es,pt/philosophy-of-learning20,pt,0.9759224653244019
https://hitdarderut-haaretz.org/filosofia21,en/philosophy-of-learning21,en,es/philosophy-of-learning21,es,0.9119257926940918
https://hitdarderut-haaretz.org/filosofia21,en/philosophy-of-learning21,en,pt/philosophy-of-learning21,pt,0.9306174516677856
https://hitdarderut-haaretz.org/filosofia21,es/philosophy-of-learning21,es,pt/philosophy-of-learning21,pt,0.9239158630371094
https://hitdarderut-haaretz.org/filosofia22,en/philosophy-of-learning22,en,es/philosophy-of-learning22,es,0.9344404339790344
https://hitdarderut-haaretz.org/filosofia22,en/philosophy-of-learning22,en,pt/philosophy-of-learning22,pt,0.9136791229248047
https://hitdarderut-haaretz.org/filosofia22,es/philosophy-of-learning22,es,pt/philosophy-of-learning22,pt,0.9633272290229797
https://hitdarderut-haaretz.org/filosofia24,en/philosophy-of-learning24,en,es/philosophy-of-learning24,es,0.9267623424530029
https://hitdarderut-haaretz.org/filosofia24,en/philosophy-of-learning24,en,pt/philosophy-of-learning24,pt,0.9219808578491211
https://hitdarderut-haaretz.org/filosofia24,es/philosophy-of-learning24,es,pt/philosophy-of-learning24,pt,0.9658998250961304
https://hitdarderut-haaretz.org/filosofia26,en/philosophy-of-learning26,en,es/philosophy-of-learning26,es,0.9218450784683228
https://hitdarderut-haaretz.org/filosofia26,en/philosophy-of-learning26,en,pt/philosophy-of-learning26,pt,0.9056898355484009
https://hitdarderut-haaretz.org/filosofia26,es/philosophy-of-learning26,es,pt/philosophy-of-learning26,pt,0.9428473711013794
https://hitdarderut-haaretz.org/filosofia27,en/philosophy-of-learning27,en,es/philosophy-of-learning27,es,0.9105533957481384
https://hitdarderut-haaretz.org/filosofia27,en/philosophy-of-learning27,en,pt/philosophy-of-learning27,pt,0.9000284671783447
https://hitdarderut-haaretz.org/filosofia27,es/philosophy-of-learning27,es,pt/philosophy-of-learning27,pt,0.981249988079071
https://hitdarderut-haaretz.org/filosofia28,en/philosophy-of-learning28,en,es/philosophy-of-learning28,es,0.908478319644928
https://hitdarderut-haaretz.org/filosofia28,en/philosophy-of-learning28,en,pt/philosophy-of-learning28,pt,0.9491042494773865
https://hitdarderut-haaretz.org/filosofia28,es/philosophy-of-learning28,es,pt/philosophy-of-learning28,pt,0.9211200475692749
https://hitdarderut-haaretz.org/filosofia30,en/philosophy-of-learning30,en,es/philosophy-of-learning30,es,0.9401600360870361
https://hitdarderut-haaretz.org/filosofia30,en/philosophy-of-learning30,en,pt/philosophy-of-learning30,pt,0.9395524263381958
https://hitdarderut-haaretz.org/filosofia30,es/philosophy-of-learning30,es,pt/philosophy-of-learning30,pt,0.9842574596405029
https://hitdarderut-haaretz.org/filosofia31,en/philosophy-of-learning31,en,es/philosophy-of-learning31,es,0.9178550243377686
https://hitdarderut-haaretz.org/filosofia31,en/philosophy-of-learning31,en,pt/philosophy-of-learning31,pt,0.8766099214553833
https://hitdarderut-haaretz.org/filosofia31,es/philosophy-of-learning31,es,pt/philosophy-of-learning31,pt,0.9804943203926086
https://hitdarderut-haaretz.org/filosofia33,en/philosophy-of-learning33,en,es/philosophy-of-learning33,es,0.8704607486724854
https://hitdarderut-haaretz.org/filosofia33,en/philosophy-of-learning33,en,pt/philosophy-of-learning33,pt,0.8483808636665344
https://hitdarderut-haaretz.org/filosofia33,es/philosophy-of-learning33,es,pt/philosophy-of-learning33,pt,0.9800928235054016
https://hitdarderut-haaretz.org/filosofia34,en/philosophy-of-learning34,en,es/philosophy-of-learning34,es,0.9444786310195923
https://hitdarderut-haaretz.org/filosofia34,en/philosophy-of-learning34,en,pt/philosophy-of-learning34,pt,0.894218921661377
https://hitdarderut-haaretz.org/filosofia34,es/philosophy-of-learning34,es,pt/philosophy-of-learning34,pt,0.9366727471351624
https://hitdarderut-haaretz.org/filosofia35,en/philosophy-of-learning35,en,es/philosophy-of-learning35,es,0.6699913144111633
https://hitdarderut-haaretz.org/filosofia35,en/philosophy-of-learning35,en,pt/philosophy-of-learning35,pt,0.549464225769043
https://hitdarderut-haaretz.org/filosofia35,es/philosophy-of-learning35,es,pt/philosophy-of-learning35,pt,0.8118616342544556
https://hitdarderut-haaretz.org/filosofia36,en/philosophy-of-learning36,en,es/philosophy-of-learning36,es,0.9609638452529907
https://hitdarderut-haaretz.org/filosofia36,en/philosophy-of-learning36,en,pt/philosophy-of-learning36,pt,0.9535518288612366
https://hitdarderut-haaretz.org/filosofia36,es/philosophy-of-learning36,es,pt/philosophy-of-learning36,pt,0.9843840599060059
https://hitdarderut-haaretz.org/filosofia37,en/philosophy-of-learning37,en,es/philosophy-of-learning37,es,0.8949398994445801
https://hitdarderut-haaretz.org/filosofia37,en/philosophy-of-learning37,en,pt/philosophy-of-learning37,pt,0.904557466506958
https://hitdarderut-haaretz.org/filosofia37,es/philosophy-of-learning37,es,pt/philosophy-of-learning37,pt,0.9781125783920288
https://hitdarderut-haaretz.org/filosofia38,en/philosophy-of-learning38,en,es/philosophy-of-learning38,es,0.9007900953292847
https://hitdarderut-haaretz.org/filosofia38,en/philosophy-of-learning38,en,pt/philosophy-of-learning38,pt,0.92961585521698
https://hitdarderut-haaretz.org/filosofia38,es/philosophy-of-learning38,es,pt/philosophy-of-learning38,pt,0.9330413937568665
https://hitdarderut-haaretz.org/filosofia39,en/philosophy-of-learning39,en,es/philosophy-of-learning39,es,0.8729950189590454
https://hitdarderut-haaretz.org/filosofia39,en/philosophy-of-learning39,en,pt/philosophy-of-learning39,pt,0.8552663326263428
https://hitdarderut-haaretz.org/filosofia39,es/philosophy-of-learning39,es,pt/philosophy-of-learning39,pt,0.9876701235771179
https://hitdarderut-haaretz.org/filosofia4,en/philosophy-of-learning4,en,es/philosophy-of-learning4,es,0.8716033697128296
https://hitdarderut-haaretz.org/filosofia4,en/philosophy-of-learning4,en,pt/philosophy-of-learning4,pt,0.9249477386474609
https://hitdarderut-haaretz.org/filosofia4,es/philosophy-of-learning4,es,pt/philosophy-of-learning4,pt,0.89946448802948
https://hitdarderut-haaretz.org/filosofia40,en/philosophy-of-learning40,en,es/philosophy-of-learning40,es,0.8394210934638977
https://hitdarderut-haaretz.org/filosofia40,en/philosophy-of-learning40,en,pt/philosophy-of-learning40,pt,0.8737154006958008
https://hitdarderut-haaretz.org/filosofia40,es/philosophy-of-learning40,es,pt/philosophy-of-learning40,pt,0.9255222082138062
https://hitdarderut-haaretz.org/filosofia41,en/philosophy-of-learning41,en,es/philosophy-of-learning41,es,0.9105115532875061
https://hitdarderut-haaretz.org/filosofia41,en/philosophy-of-learning41,en,pt/philosophy-of-learning41,pt,0.9174512624740601
https://hitdarderut-haaretz.org/filosofia41,es/philosophy-of-learning41,es,pt/philosophy-of-learning41,pt,0.9288057088851929
https://hitdarderut-haaretz.org/filosofia43,en/philosophy-of-learning43,en,es/philosophy-of-learning43,es,0.9268697500228882
https://hitdarderut-haaretz.org/filosofia43,en/philosophy-of-learning43,en,pt/philosophy-of-learning43,pt,0.8508734703063965
https://hitdarderut-haaretz.org/filosofia43,es/philosophy-of-learning43,es,pt/philosophy-of-learning43,pt,0.8466120362281799
https://hitdarderut-haaretz.org/filosofia45,en/philosophy-of-learning45,en,es/philosophy-of-learning45,es,0.9164166450500488
https://hitdarderut-haaretz.org/filosofia45,en/philosophy-of-learning45,en,pt/philosophy-of-learning45,pt,0.8437176942825317
https://hitdarderut-haaretz.org/filosofia45,es/philosophy-of-learning45,es,pt/philosophy-of-learning45,pt,0.9425481557846069
https://hitdarderut-haaretz.org/filosofia46,en/philosophy-of-learning46,en,es/philosophy-of-learning46,es,0.9377390742301941
https://hitdarderut-haaretz.org/filosofia46,en/philosophy-of-learning46,en,pt/philosophy-of-learning46,pt,0.9363867044448853
https://hitdarderut-haaretz.org/filosofia46,es/philosophy-of-learning46,es,pt/philosophy-of-learning46,pt,0.9693904519081116
https://hitdarderut-haaretz.org/filosofia47,en/philosophy-of-learning47,en,es/philosophy-of-learning47,es,0.9240307807922363
https://hitdarderut-haaretz.org/filosofia47,en/philosophy-of-learning47,en,pt/philosophy-of-learning47,pt,0.866923451423645
https://hitdarderut-haaretz.org/filosofia47,es/philosophy-of-learning47,es,pt/philosophy-of-learning47,pt,0.9617177248001099
https://hitdarderut-haaretz.org/filosofia48,en/philosophy-of-learning48,en,es/philosophy-of-learning48,es,0.8700093030929565
https://hitdarderut-haaretz.org/filosofia48,en/philosophy-of-learning48,en,pt/philosophy-of-learning48,pt,0.8537166118621826
https://hitdarderut-haaretz.org/filosofia48,es/philosophy-of-learning48,es,pt/philosophy-of-learning48,pt,0.9745776057243347
https://hitdarderut-haaretz.org/filosofia5,en/philosophy-of-learning5,en,es/philosophy-of-learning5,es,0.8977734446525574
https://hitdarderut-haaretz.org/filosofia5,en/philosophy-of-learning5,en,pt/philosophy-of-learning5,pt,0.8743610382080078
https://hitdarderut-haaretz.org/filosofia5,es/philosophy-of-learning5,es,pt/philosophy-of-learning5,pt,0.9498147368431091
https://hitdarderut-haaretz.org/filosofia50,en/philosophy-of-learning50,en,es/philosophy-of-learning50,es,0.8799763321876526
https://hitdarderut-haaretz.org/filosofia50,en/philosophy-of-learning50,en,pt/philosophy-of-learning50,pt,0.8417198061943054
https://hitdarderut-haaretz.org/filosofia50,es/philosophy-of-learning50,es,pt/philosophy-of-learning50,pt,0.9807353615760803
https://hitdarderut-haaretz.org/filosofia51,en/philosophy-of-learning51,en,es/philosophy-of-learning51,es,0.9140646457672119
https://hitdarderut-haaretz.org/filosofia51,en/philosophy-of-learning51,en,pt/philosophy-of-learning51,pt,0.9055361747741699
https://hitdarderut-haaretz.org/filosofia51,es/philosophy-of-learning51,es,pt/philosophy-of-learning51,pt,0.9754728674888611
https://hitdarderut-haaretz.org/filosofia55,en/philosophy-of-learning55,en,es/philosophy-of-learning55,es,0.8714163303375244
https://hitdarderut-haaretz.org/filosofia55,en/philosophy-of-learning55,en,pt/philosophy-of-learning55,pt,0.7395434975624084
https://hitdarderut-haaretz.org/filosofia55,es/philosophy-of-learning55,es,pt/philosophy-of-learning55,pt,0.8699815273284912
https://hitdarderut-haaretz.org/filosofia56,en/philosophy-of-learning56,en,es/philosophy-of-learning56,es,0.9334948062896729
https://hitdarderut-haaretz.org/filosofia56,en/philosophy-of-learning56,en,pt/philosophy-of-learning56,pt,0.9207886457443237
https://hitdarderut-haaretz.org/filosofia56,es/philosophy-of-learning56,es,pt/philosophy-of-learning56,pt,0.988828182220459
https://hitdarderut-haaretz.org/filosofia57,en/philosophy-of-learning57,en,es/philosophy-of-learning57,es,0.8223915696144104
https://hitdarderut-haaretz.org/filosofia57,en/philosophy-of-learning57,en,pt/philosophy-of-learning57,pt,0.8548455238342285
https://hitdarderut-haaretz.org/filosofia57,es/philosophy-of-learning57,es,pt/philosophy-of-learning57,pt,0.9120521545410156
https://hitdarderut-haaretz.org/filosofia59,en/philosophy-of-learning59,en,es/philosophy-of-learning59,es,0.9677499532699585
https://hitdarderut-haaretz.org/filosofia59,en/philosophy-of-learning59,en,pt/philosophy-of-learning59,pt,0.9461846947669983
https://hitdarderut-haaretz.org/filosofia59,es/philosophy-of-learning59,es,pt/philosophy-of-learning59,pt,0.9766611456871033
https://hitdarderut-haaretz.org/filosofia6,en/philosophy-of-learning6,en,es/philosophy-of-learning6,es,0.9330657124519348
https://hitdarderut-haaretz.org/filosofia6,en/philosophy-of-learning6,en,pt/philosophy-of-learning6,pt,0.9410312175750732
https://hitdarderut-haaretz.org/filosofia6,es/philosophy-of-learning6,es,pt/philosophy-of-learning6,pt,0.9741133451461792
https://hitdarderut-haaretz.org/filosofia61,en/philosophy-of-learning61,en,es/philosophy-of-learning61,es,0.9527557492256165
https://hitdarderut-haaretz.org/filosofia61,en/philosophy-of-learning61,en,pt/philosophy-of-learning61,pt,0.9471367597579956
https://hitdarderut-haaretz.org/filosofia61,es/philosophy-of-learning61,es,pt/philosophy-of-learning61,pt,0.980737566947937
https://hitdarderut-haaretz.org/filosofia62,en/philosophy-of-learning62,en,es/philosophy-of-learning62,es,0.934461236000061
https://hitdarderut-haaretz.org/filosofia62,en/philosophy-of-learning62,en,pt/philosophy-of-learning62,pt,0.9035167694091797
https://hitdarderut-haaretz.org/filosofia62,es/philosophy-of-learning62,es,pt/philosophy-of-learning62,pt,0.9756940603256226
https://hitdarderut-haaretz.org/filosofia63,en/philosophy-of-learning63,en,es/philosophy-of-learning63,es,0.9324204921722412
https://hitdarderut-haaretz.org/filosofia63,en/philosophy-of-learning63,en,pt/philosophy-of-learning63,pt,0.9190534353256226
https://hitdarderut-haaretz.org/filosofia63,es/philosophy-of-learning63,es,pt/philosophy-of-learning63,pt,0.9805272817611694
https://hitdarderut-haaretz.org/filosofia64,en/philosophy-of-learning64,en,es/philosophy-of-learning64,es,0.9389182329177856
https://hitdarderut-haaretz.org/filosofia64,en/philosophy-of-learning64,en,pt/philosophy-of-learning64,pt,0.9210684299468994
https://hitdarderut-haaretz.org/filosofia64,es/philosophy-of-learning64,es,pt/philosophy-of-learning64,pt,0.9709227085113525
https://hitdarderut-haaretz.org/filosofia66,en/philosophy-of-learning66,en,es/philosophy-of-learning66,es,0.9106357097625732
https://hitdarderut-haaretz.org/filosofia66,en/philosophy-of-learning66,en,pt/philosophy-of-learning66,pt,0.9094614386558533
https://hitdarderut-haaretz.org/filosofia66,es/philosophy-of-learning66,es,pt/philosophy-of-learning66,pt,0.9581918716430664
https://hitdarderut-haaretz.org/filosofia67,en/philosophy-of-learning67,en,es/philosophy-of-learning67,es,0.8483957052230835
https://hitdarderut-haaretz.org/filosofia67,en/philosophy-of-learning67,en,pt/philosophy-of-learning67,pt,0.8148032426834106
https://hitdarderut-haaretz.org/filosofia67,es/philosophy-of-learning67,es,pt/philosophy-of-learning67,pt,0.9839553833007812
https://hitdarderut-haaretz.org/filosofia68,en/philosophy-of-learning68,en,es/philosophy-of-learning68,es,0.9162944555282593
https://hitdarderut-haaretz.org/filosofia68,en/philosophy-of-learning68,en,pt/philosophy-of-learning68,pt,0.8152540922164917
https://hitdarderut-haaretz.org/filosofia68,es/philosophy-of-learning68,es,pt/philosophy-of-learning68,pt,0.9040113091468811
https://hitdarderut-haaretz.org/filosofia69,en/philosophy-of-learning69,en,es/philosophy-of-learning69,es,0.9747841358184814
https://hitdarderut-haaretz.org/filosofia69,en/philosophy-of-learning69,en,pt/philosophy-of-learning69,pt,0.9133106470108032
https://hitdarderut-haaretz.org/filosofia69,es/philosophy-of-learning69,es,pt/philosophy-of-learning69,pt,0.955103874206543
https://hitdarderut-haaretz.org/filosofia7,en/philosophy-of-learning7,en,es/philosophy-of-learning7,es,0.9220250844955444
https://hitdarderut-haaretz.org/filosofia7,en/philosophy-of-learning7,en,pt/philosophy-of-learning7,pt,0.9421144723892212
https://hitdarderut-haaretz.org/filosofia7,es/philosophy-of-learning7,es,pt/philosophy-of-learning7,pt,0.9679216742515564
https://hitdarderut-haaretz.org/filosofia70,en/philosophy-of-learning70,en,es/philosophy-of-learning70,es,0.9232568144798279
https://hitdarderut-haaretz.org/filosofia70,en/philosophy-of-learning70,en,pt/philosophy-of-learning70,pt,0.9284163117408752
https://hitdarderut-haaretz.org/filosofia70,es/philosophy-of-learning70,es,pt/philosophy-of-learning70,pt,0.9499924182891846
https://hitdarderut-haaretz.org/filosofia71,en/philosophy-of-learning71,en,es/philosophy-of-learning71,es,0.8233637809753418
https://hitdarderut-haaretz.org/filosofia71,en/philosophy-of-learning71,en,pt/philosophy-of-learning71,pt,0.8344728946685791
https://hitdarderut-haaretz.org/filosofia71,es/philosophy-of-learning71,es,pt/philosophy-of-learning71,pt,0.9273879528045654
https://hitdarderut-haaretz.org/filosofia72,en/philosophy-of-learning72,en,es/philosophy-of-learning72,es,0.8164297938346863
https://hitdarderut-haaretz.org/filosofia72,en/philosophy-of-learning72,en,pt/philosophy-of-learning72,pt,0.8043217658996582
https://hitdarderut-haaretz.org/filosofia72,es/philosophy-of-learning72,es,pt/philosophy-of-learning72,pt,0.9589070081710815
https://hitdarderut-haaretz.org/filosofia73,en/philosophy-of-learning73,en,es/philosophy-of-learning73,es,0.9609812498092651
https://hitdarderut-haaretz.org/filosofia73,en/philosophy-of-learning73,en,pt/philosophy-of-learning73,pt,0.937664270401001
https://hitdarderut-haaretz.org/filosofia73,es/philosophy-of-learning73,es,pt/philosophy-of-learning73,pt,0.9508476257324219
https://hitdarderut-haaretz.org/filosofia74,en/philosophy-of-learning74,en,es/philosophy-of-learning74,es,0.8693943023681641
https://hitdarderut-haaretz.org/filosofia74,en/philosophy-of-learning74,en,pt/philosophy-of-learning74,pt,0.9402363300323486
https://hitdarderut-haaretz.org/filosofia74,es/philosophy-of-learning74,es,pt/philosophy-of-learning74,pt,0.9240379333496094
https://hitdarderut-haaretz.org/filosofia75,en/philosophy-of-learning75,en,es/philosophy-of-learning75,es,0.8625880479812622
https://hitdarderut-haaretz.org/filosofia75,en/philosophy-of-learning75,en,pt/philosophy-of-learning75,pt,0.9647092819213867
https://hitdarderut-haaretz.org/filosofia75,es/philosophy-of-learning75,es,pt/philosophy-of-learning75,pt,0.8864517211914062
https://hitdarderut-haaretz.org/filosofia76,en/philosophy-of-learning76,en,es/philosophy-of-learning76,es,0.8784425258636475
https://hitdarderut-haaretz.org/filosofia76,en/philosophy-of-learning76,en,pt/philosophy-of-learning76,pt,0.9332512021064758
https://hitdarderut-haaretz.org/filosofia76,es/philosophy-of-learning76,es,pt/philosophy-of-learning76,pt,0.8623914122581482
https://hitdarderut-haaretz.org/filosofia81,en/philosophy-of-learning81,en,es/philosophy-of-learning81,es,0.915480375289917
https://hitdarderut-haaretz.org/filosofia81,en/philosophy-of-learning81,en,pt/philosophy-of-learning81,pt,0.9095685482025146
https://hitdarderut-haaretz.org/filosofia81,es/philosophy-of-learning81,es,pt/philosophy-of-learning81,pt,0.9757184386253357
https://hitdarderut-haaretz.org/filosofia82,en/philosophy-of-learning82,en,es/philosophy-of-learning82,es,0.8054080009460449
https://hitdarderut-haaretz.org/filosofia82,en/philosophy-of-learning82,en,pt/philosophy-of-learning82,pt,0.8118789196014404
https://hitdarderut-haaretz.org/filosofia82,es/philosophy-of-learning82,es,pt/philosophy-of-learning82,pt,0.9579843878746033
https://hitdarderut-haaretz.org/filosofia83,en/philosophy-of-learning83,en,es/philosophy-of-learning83,es,0.8922462463378906
https://hitdarderut-haaretz.org/filosofia83,en/philosophy-of-learning83,en,pt/philosophy-of-learning83,pt,0.8469424247741699
https://hitdarderut-haaretz.org/filosofia83,es/philosophy-of-learning83,es,pt/philosophy-of-learning83,pt,0.9511966109275818
https://hitdarderut-haaretz.org/filosofia84,en/philosophy-of-learning84,en,es/philosophy-of-learning84,es,0.8470168113708496
https://hitdarderut-haaretz.org/filosofia84,en/philosophy-of-learning84,en,pt/philosophy-of-learning84,pt,0.8384634256362915
https://hitdarderut-haaretz.org/filosofia84,es/philosophy-of-learning84,es,pt/philosophy-of-learning84,pt,0.9801008701324463
https://hitdarderut-haaretz.org/filosofia85,en/philosophy-of-learning85,en,es/philosophy-of-learning85,es,0.8678070306777954
https://hitdarderut-haaretz.org/filosofia85,en/philosophy-of-learning85,en,pt/philosophy-of-learning85,pt,0.8457872867584229
https://hitdarderut-haaretz.org/filosofia85,es/philosophy-of-learning85,es,pt/philosophy-of-learning85,pt,0.9769827127456665
https://hitdarderut-haaretz.org/filosofia86,en/philosophy-of-learning86,en,es/philosophy-of-learning86,es,0.8753586411476135
https://hitdarderut-haaretz.org/filosofia86,en/philosophy-of-learning86,en,pt/philosophy-of-learning86,pt,0.8090591430664062
https://hitdarderut-haaretz.org/filosofia86,es/philosophy-of-learning86,es,pt/philosophy-of-learning86,pt,0.9667826294898987
https://hitdarderut-haaretz.org/filosofia87,en/philosophy-of-learning87,en,es/philosophy-of-learning87,es,0.931131899356842
https://hitdarderut-haaretz.org/filosofia87,en/philosophy-of-learning87,en,pt/philosophy-of-learning87,pt,0.9119975566864014
https://hitdarderut-haaretz.org/filosofia87,es/philosophy-of-learning87,es,pt/philosophy-of-learning87,pt,0.9640978574752808
https://hitdarderut-haaretz.org/filosofia88,en/philosophy-of-learning88,en,es/philosophy-of-learning88,es,0.9021902084350586
https://hitdarderut-haaretz.org/filosofia88,en/philosophy-of-learning88,en,pt/philosophy-of-learning88,pt,0.8570006489753723
https://hitdarderut-haaretz.org/filosofia88,es/philosophy-of-learning88,es,pt/philosophy-of-learning88,pt,0.8863085508346558
https://hitdarderut-haaretz.org/filosofia90,en/philosophy-of-learning90,en,es/philosophy-of-learning90,es,0.7998706102371216
https://hitdarderut-haaretz.org/filosofia90,en/philosophy-of-learning90,en,pt/philosophy-of-learning90,pt,0.7610028982162476
https://hitdarderut-haaretz.org/filosofia90,es/philosophy-of-learning90,es,pt/philosophy-of-learning90,pt,0.9492509365081787
https://hitdarderut-haaretz.org/handasat-enosh,en/human-engineering,en,es/human-engineering,es,0.9527945518493652
https://hitdarderut-haaretz.org/handasat-enosh,en/human-engineering,en,pt/human-engineering,pt,0.9669821858406067
https://hitdarderut-haaretz.org/handasat-enosh,es/human-engineering,es,pt/human-engineering,pt,0.9808341264724731
https://hitdarderut-haaretz.org/handasat-enosh0,en/human-engineering0,en,es/human-engineering0,es,0.8151880502700806
https://hitdarderut-haaretz.org/handasat-enosh0,en/human-engineering0,en,pt/human-engineering0,pt,0.8732872009277344
https://hitdarderut-haaretz.org/handasat-enosh0,es/human-engineering0,es,pt/human-engineering0,pt,0.92999267578125
https://hitdarderut-haaretz.org/handasat-enosh10,en/human-engineering10,en,es/human-engineering10,es,0.7837743759155273
https://hitdarderut-haaretz.org/handasat-enosh10,en/human-engineering10,en,pt/human-engineering10,pt,0.7615680694580078
https://hitdarderut-haaretz.org/handasat-enosh10,es/human-engineering10,es,pt/human-engineering10,pt,0.9737964868545532
https://hitdarderut-haaretz.org/handasat-enosh2,en/human-engineering2,en,es/human-engineering2,es,0.9177888631820679
https://hitdarderut-haaretz.org/handasat-enosh2,en/human-engineering2,en,pt/human-engineering2,pt,0.9332358241081238
https://hitdarderut-haaretz.org/handasat-enosh2,es/human-engineering2,es,pt/human-engineering2,pt,0.9600437879562378
https://hitdarderut-haaretz.org/handasat-enosh3,en/human-engineering3,en,es/human-engineering3,es,0.8642836809158325
https://hitdarderut-haaretz.org/handasat-enosh3,en/human-engineering3,en,pt/human-engineering3,pt,0.8463244438171387
https://hitdarderut-haaretz.org/handasat-enosh3,es/human-engineering3,es,pt/human-engineering3,pt,0.9274895787239075
https://hitdarderut-haaretz.org/handasat-enosh4,en/human-engineering4,en,es/human-engineering4,es,0.8271985650062561
https://hitdarderut-haaretz.org/handasat-enosh4,en/human-engineering4,en,pt/human-engineering4,pt,0.8754688501358032
https://hitdarderut-haaretz.org/handasat-enosh4,es/human-engineering4,es,pt/human-engineering4,pt,0.9256120920181274
https://hitdarderut-haaretz.org/handasat-enosh5,en/human-engineering5,en,es/human-engineering5,es,0.8706885576248169
https://hitdarderut-haaretz.org/handasat-enosh5,en/human-engineering5,en,pt/human-engineering5,pt,0.7798190116882324
https://hitdarderut-haaretz.org/handasat-enosh5,es/human-engineering5,es,pt/human-engineering5,pt,0.8776019811630249
https://hitdarderut-haaretz.org/handasat-enosh7,en/human-engineering7,en,es/human-engineering7,es,0.9180353879928589
https://hitdarderut-haaretz.org/handasat-enosh7,en/human-engineering7,en,pt/human-engineering7,pt,0.9016929268836975
https://hitdarderut-haaretz.org/handasat-enosh7,es/human-engineering7,es,pt/human-engineering7,pt,0.955620527267456
https://hitdarderut-haaretz.org/igul-shachor,en/night-life,en,es/night-life,es,0.8436923623085022
https://hitdarderut-haaretz.org/igul-shachor,en/night-life,en,pt/night-life,pt,0.8646520972251892
https://hitdarderut-haaretz.org/igul-shachor,es/night-life,es,pt/night-life,pt,0.9734160900115967
https://hitdarderut-haaretz.org/igul-shachor1,en/night-life1,en,es/night-life1,es,0.9128634929656982
https://hitdarderut-haaretz.org/igul-shachor1,en/night-life1,en,pt/night-life1,pt,0.8633317947387695
https://hitdarderut-haaretz.org/igul-shachor1,es/night-life1,es,pt/night-life1,pt,0.9364404082298279
https://hitdarderut-haaretz.org/igul-shachor10,en/night-life10,en,es/night-life10,es,0.9190766215324402
https://hitdarderut-haaretz.org/igul-shachor10,en/night-life10,en,pt/night-life10,pt,0.9309263229370117
https://hitdarderut-haaretz.org/igul-shachor10,es/night-life10,es,pt/night-life10,pt,0.9721757173538208
https://hitdarderut-haaretz.org/igul-shachor11,en/night-life11,en,es/night-life11,es,0.8971667885780334
https://hitdarderut-haaretz.org/igul-shachor11,en/night-life11,en,pt/night-life11,pt,0.8612689971923828
https://hitdarderut-haaretz.org/igul-shachor11,es/night-life11,es,pt/night-life11,pt,0.9173006415367126
https://hitdarderut-haaretz.org/igul-shachor12,en/night-life12,en,es/night-life12,es,0.8354596495628357
https://hitdarderut-haaretz.org/igul-shachor12,en/night-life12,en,pt/night-life12,pt,0.9464312791824341
https://hitdarderut-haaretz.org/igul-shachor12,es/night-life12,es,pt/night-life12,pt,0.898872435092926
https://hitdarderut-haaretz.org/igul-shachor13,en/night-life13,en,es/night-life13,es,0.9649070501327515
https://hitdarderut-haaretz.org/igul-shachor13,en/night-life13,en,pt/night-life13,pt,0.9482358694076538
https://hitdarderut-haaretz.org/igul-shachor13,es/night-life13,es,pt/night-life13,pt,0.9506887793540955
https://hitdarderut-haaretz.org/igul-shachor14,en/night-life14,en,es/night-life14,es,0.8969236612319946
https://hitdarderut-haaretz.org/igul-shachor14,en/night-life14,en,pt/night-life14,pt,0.8742237091064453
https://hitdarderut-haaretz.org/igul-shachor14,es/night-life14,es,pt/night-life14,pt,0.9754233360290527
https://hitdarderut-haaretz.org/igul-shachor15,en/night-life15,en,es/night-life15,es,0.921380877494812
https://hitdarderut-haaretz.org/igul-shachor15,en/night-life15,en,pt/night-life15,pt,0.9035636186599731
https://hitdarderut-haaretz.org/igul-shachor15,es/night-life15,es,pt/night-life15,pt,0.9559615850448608
https://hitdarderut-haaretz.org/igul-shachor16,en/night-life16,en,es/night-life16,es,0.9120187759399414
https://hitdarderut-haaretz.org/igul-shachor16,en/night-life16,en,pt/night-life16,pt,0.9173722267150879
https://hitdarderut-haaretz.org/igul-shachor16,es/night-life16,es,pt/night-life16,pt,0.9823071956634521
https://hitdarderut-haaretz.org/igul-shachor17,en/night-life17,en,es/night-life17,es,0.9473409056663513
https://hitdarderut-haaretz.org/igul-shachor17,en/night-life17,en,pt/night-life17,pt,0.9502756595611572
https://hitdarderut-haaretz.org/igul-shachor17,es/night-life17,es,pt/night-life17,pt,0.9780423641204834
https://hitdarderut-haaretz.org/igul-shachor18,en/night-life18,en,es/night-life18,es,0.974574625492096
https://hitdarderut-haaretz.org/igul-shachor18,en/night-life18,en,pt/night-life18,pt,0.9605233669281006
https://hitdarderut-haaretz.org/igul-shachor18,es/night-life18,es,pt/night-life18,pt,0.9752939939498901
https://hitdarderut-haaretz.org/igul-shachor19,en/night-life19,en,es/night-life19,es,0.9351638555526733
https://hitdarderut-haaretz.org/igul-shachor19,en/night-life19,en,pt/night-life19,pt,0.9563920497894287
https://hitdarderut-haaretz.org/igul-shachor19,es/night-life19,es,pt/night-life19,pt,0.9682022333145142
https://hitdarderut-haaretz.org/igul-shachor20,en/night-life20,en,es/night-life20,es,0.8639554977416992
https://hitdarderut-haaretz.org/igul-shachor20,en/night-life20,en,pt/night-life20,pt,0.933018147945404
https://hitdarderut-haaretz.org/igul-shachor20,es/night-life20,es,pt/night-life20,pt,0.9006329774856567
https://hitdarderut-haaretz.org/igul-shachor21,en/night-life21,en,es/night-life21,es,0.9256759881973267
https://hitdarderut-haaretz.org/igul-shachor21,en/night-life21,en,pt/night-life21,pt,0.9063410758972168
https://hitdarderut-haaretz.org/igul-shachor21,es/night-life21,es,pt/night-life21,pt,0.9850184917449951
https://hitdarderut-haaretz.org/igul-shachor22,en/night-life22,en,es/night-life22,es,0.9325762987136841
https://hitdarderut-haaretz.org/igul-shachor22,en/night-life22,en,pt/night-life22,pt,0.9240882396697998
https://hitdarderut-haaretz.org/igul-shachor22,es/night-life22,es,pt/night-life22,pt,0.9632027745246887
https://hitdarderut-haaretz.org/igul-shachor23,en/night-life23,en,es/night-life23,es,0.8797756433486938
https://hitdarderut-haaretz.org/igul-shachor23,en/night-life23,en,pt/night-life23,pt,0.933110237121582
https://hitdarderut-haaretz.org/igul-shachor23,es/night-life23,es,pt/night-life23,pt,0.9364814758300781
https://hitdarderut-haaretz.org/igul-shachor26,en/night-life26,en,es/night-life26,es,0.9342799782752991
https://hitdarderut-haaretz.org/igul-shachor26,en/night-life26,en,pt/night-life26,pt,0.9227917194366455
https://hitdarderut-haaretz.org/igul-shachor26,es/night-life26,es,pt/night-life26,pt,0.9618769884109497
https://hitdarderut-haaretz.org/igul-shachor27,en/night-life27,en,es/night-life27,es,0.9512984752655029
https://hitdarderut-haaretz.org/igul-shachor27,en/night-life27,en,pt/night-life27,pt,0.8759207725524902
https://hitdarderut-haaretz.org/igul-shachor27,es/night-life27,es,pt/night-life27,pt,0.9176025390625
https://hitdarderut-haaretz.org/igul-shachor28,en/night-life28,en,es/night-life28,es,0.822486162185669
https://hitdarderut-haaretz.org/igul-shachor28,en/night-life28,en,pt/night-life28,pt,0.7816163301467896
https://hitdarderut-haaretz.org/igul-shachor28,es/night-life28,es,pt/night-life28,pt,0.8515080213546753
https://hitdarderut-haaretz.org/igul-shachor29,en/night-life29,en,es/night-life29,es,0.8644856214523315
https://hitdarderut-haaretz.org/igul-shachor29,en/night-life29,en,pt/night-life29,pt,0.776447594165802
https://hitdarderut-haaretz.org/igul-shachor29,es/night-life29,es,pt/night-life29,pt,0.8414473533630371
https://hitdarderut-haaretz.org/igul-shachor30,en/night-life30,en,es/night-life30,es,0.8850843906402588
https://hitdarderut-haaretz.org/igul-shachor30,en/night-life30,en,pt/night-life30,pt,0.773509681224823
https://hitdarderut-haaretz.org/igul-shachor30,es/night-life30,es,pt/night-life30,pt,0.8925665616989136
https://hitdarderut-haaretz.org/igul-shachor32,en/night-life32,en,es/night-life32,es,0.8509117364883423
https://hitdarderut-haaretz.org/igul-shachor32,en/night-life32,en,pt/night-life32,pt,0.8761556148529053
https://hitdarderut-haaretz.org/igul-shachor32,es/night-life32,es,pt/night-life32,pt,0.9442203640937805
https://hitdarderut-haaretz.org/igul-shachor33,en/night-life33,en,es/night-life33,es,0.9086706042289734
https://hitdarderut-haaretz.org/igul-shachor33,en/night-life33,en,pt/night-life33,pt,0.8824031352996826
https://hitdarderut-haaretz.org/igul-shachor33,es/night-life33,es,pt/night-life33,pt,0.9539530277252197
https://hitdarderut-haaretz.org/igul-shachor34,en/night-life34,en,es/night-life34,es,0.8825260400772095
https://hitdarderut-haaretz.org/igul-shachor34,en/night-life34,en,pt/night-life34,pt,0.8732272982597351
https://hitdarderut-haaretz.org/igul-shachor34,es/night-life34,es,pt/night-life34,pt,0.9637762904167175
https://hitdarderut-haaretz.org/igul-shachor35,en/night-life35,en,es/night-life35,es,0.9214826822280884
https://hitdarderut-haaretz.org/igul-shachor35,en/night-life35,en,pt/night-life35,pt,0.8887308835983276
https://hitdarderut-haaretz.org/igul-shachor35,es/night-life35,es,pt/night-life35,pt,0.9150357842445374
https://hitdarderut-haaretz.org/igul-shachor36,en/night-life36,en,es/night-life36,es,0.9370097517967224
https://hitdarderut-haaretz.org/igul-shachor36,en/night-life36,en,pt/night-life36,pt,0.9004462957382202
https://hitdarderut-haaretz.org/igul-shachor36,es/night-life36,es,pt/night-life36,pt,0.9571967124938965
https://hitdarderut-haaretz.org/igul-shachor37,en/night-life37,en,es/night-life37,es,0.8569732904434204
https://hitdarderut-haaretz.org/igul-shachor37,en/night-life37,en,pt/night-life37,pt,0.8457019925117493
https://hitdarderut-haaretz.org/igul-shachor37,es/night-life37,es,pt/night-life37,pt,0.9489136934280396
https://hitdarderut-haaretz.org/igul-shachor38,en/night-life38,en,es/night-life38,es,0.891144871711731
https://hitdarderut-haaretz.org/igul-shachor38,en/night-life38,en,pt/night-life38,pt,0.8324034810066223
https://hitdarderut-haaretz.org/igul-shachor38,es/night-life38,es,pt/night-life38,pt,0.9220314025878906
https://hitdarderut-haaretz.org/igul-shachor40,en/night-life40,en,es/night-life40,es,0.944330632686615
https://hitdarderut-haaretz.org/igul-shachor40,en/night-life40,en,pt/night-life40,pt,0.9360343217849731
https://hitdarderut-haaretz.org/igul-shachor40,es/night-life40,es,pt/night-life40,pt,0.9240576028823853
https://hitdarderut-haaretz.org/igul-shachor41,en/night-life41,en,es/night-life41,es,0.9479444026947021
https://hitdarderut-haaretz.org/igul-shachor41,en/night-life41,en,pt/night-life41,pt,0.9427882432937622
https://hitdarderut-haaretz.org/igul-shachor41,es/night-life41,es,pt/night-life41,pt,0.9740221500396729
https://hitdarderut-haaretz.org/igul-shachor42,en/night-life42,en,es/night-life42,es,0.8736719489097595
https://hitdarderut-haaretz.org/igul-shachor42,en/night-life42,en,pt/night-life42,pt,0.9121080636978149
https://hitdarderut-haaretz.org/igul-shachor42,es/night-life42,es,pt/night-life42,pt,0.9333846569061279
https://hitdarderut-haaretz.org/igul-shachor43,en/night-life43,en,es/night-life43,es,0.7263977527618408
https://hitdarderut-haaretz.org/igul-shachor43,en/night-life43,en,pt/night-life43,pt,0.744648814201355
https://hitdarderut-haaretz.org/igul-shachor43,es/night-life43,es,pt/night-life43,pt,0.9299534559249878
https://hitdarderut-haaretz.org/igul-shachor45,en/night-life45,en,es/night-life45,es,0.9574735164642334
https://hitdarderut-haaretz.org/igul-shachor45,en/night-life45,en,pt/night-life45,pt,0.9598146677017212
https://hitdarderut-haaretz.org/igul-shachor45,es/night-life45,es,pt/night-life45,pt,0.9793269634246826
https://hitdarderut-haaretz.org/igul-shachor48,en/night-life48,en,es/night-life48,es,0.9670782089233398
https://hitdarderut-haaretz.org/igul-shachor48,en/night-life48,en,pt/night-life48,pt,0.9499354362487793
https://hitdarderut-haaretz.org/igul-shachor48,es/night-life48,es,pt/night-life48,pt,0.9764629602432251
https://hitdarderut-haaretz.org/igul-shachor49,en/night-life49,en,es/night-life49,es,0.9372081160545349
https://hitdarderut-haaretz.org/igul-shachor49,en/night-life49,en,pt/night-life49,pt,0.9138479828834534
https://hitdarderut-haaretz.org/igul-shachor49,es/night-life49,es,pt/night-life49,pt,0.9562299251556396
https://hitdarderut-haaretz.org/igul-shachor51,en/night-life51,en,es/night-life51,es,0.8289953470230103
https://hitdarderut-haaretz.org/igul-shachor51,en/night-life51,en,pt/night-life51,pt,0.8195769786834717
https://hitdarderut-haaretz.org/igul-shachor51,es/night-life51,es,pt/night-life51,pt,0.9208387732505798
https://hitdarderut-haaretz.org/igul-shachor52,en/night-life52,en,es/night-life52,es,0.7871233820915222
https://hitdarderut-haaretz.org/igul-shachor52,en/night-life52,en,pt/night-life52,pt,0.7949588894844055
https://hitdarderut-haaretz.org/igul-shachor52,es/night-life52,es,pt/night-life52,pt,0.9831465482711792
https://hitdarderut-haaretz.org/igul-shachor54,en/night-life54,en,es/night-life54,es,0.9161795973777771
https://hitdarderut-haaretz.org/igul-shachor54,en/night-life54,en,pt/night-life54,pt,0.8967365026473999
https://hitdarderut-haaretz.org/igul-shachor54,es/night-life54,es,pt/night-life54,pt,0.9778971076011658
https://hitdarderut-haaretz.org/igul-shachor57,en/night-life57,en,es/night-life57,es,0.7640056014060974
https://hitdarderut-haaretz.org/igul-shachor57,en/night-life57,en,pt/night-life57,pt,0.7947565317153931
https://hitdarderut-haaretz.org/igul-shachor57,es/night-life57,es,pt/night-life57,pt,0.9558159112930298
https://hitdarderut-haaretz.org/igul-shachor58,en/night-life58,en,es/night-life58,es,0.8441917300224304
https://hitdarderut-haaretz.org/igul-shachor58,en/night-life58,en,pt/night-life58,pt,0.9030100107192993
https://hitdarderut-haaretz.org/igul-shachor58,es/night-life58,es,pt/night-life58,pt,0.9085812568664551
https://hitdarderut-haaretz.org/igul-shachor6,en/night-life6,en,es/night-life6,es,0.859736442565918
https://hitdarderut-haaretz.org/igul-shachor6,en/night-life6,en,pt/night-life6,pt,0.935823380947113
https://hitdarderut-haaretz.org/igul-shachor6,es/night-life6,es,pt/night-life6,pt,0.897026777267456
https://hitdarderut-haaretz.org/igul-shachor60,en/night-life60,en,es/night-life60,es,0.9242955446243286
https://hitdarderut-haaretz.org/igul-shachor60,en/night-life60,en,pt/night-life60,pt,0.9276032447814941
https://hitdarderut-haaretz.org/igul-shachor60,es/night-life60,es,pt/night-life60,pt,0.9475807547569275
https://hitdarderut-haaretz.org/igul-shachor62,en/night-life62,en,es/night-life62,es,0.9146922826766968
https://hitdarderut-haaretz.org/igul-shachor62,en/night-life62,en,pt/night-life62,pt,0.8872092366218567
https://hitdarderut-haaretz.org/igul-shachor62,es/night-life62,es,pt/night-life62,pt,0.9104996919631958
https://hitdarderut-haaretz.org/igul-shachor63,en/night-life63,en,es/night-life63,es,0.7496002912521362
https://hitdarderut-haaretz.org/igul-shachor63,en/night-life63,en,pt/night-life63,pt,0.8820777535438538
https://hitdarderut-haaretz.org/igul-shachor63,es/night-life63,es,pt/night-life63,pt,0.8586949110031128
https://hitdarderut-haaretz.org/igul-shachor65,en/night-life65,en,es/night-life65,es,0.91539466381073
https://hitdarderut-haaretz.org/igul-shachor65,en/night-life65,en,pt/night-life65,pt,0.9144177436828613
https://hitdarderut-haaretz.org/igul-shachor65,es/night-life65,es,pt/night-life65,pt,0.9589545726776123
https://hitdarderut-haaretz.org/igul-shachor66,en/night-life66,en,es/night-life66,es,0.8883020877838135
https://hitdarderut-haaretz.org/igul-shachor66,en/night-life66,en,pt/night-life66,pt,0.8565223217010498
https://hitdarderut-haaretz.org/igul-shachor66,es/night-life66,es,pt/night-life66,pt,0.9368247389793396
https://hitdarderut-haaretz.org/igul-shachor67,en/night-life67,en,es/night-life67,es,0.8831751942634583
https://hitdarderut-haaretz.org/igul-shachor67,en/night-life67,en,pt/night-life67,pt,0.8897074460983276
https://hitdarderut-haaretz.org/igul-shachor67,es/night-life67,es,pt/night-life67,pt,0.990017294883728
https://hitdarderut-haaretz.org/igul-shachor68,en/night-life68,en,es/night-life68,es,0.9502168893814087
https://hitdarderut-haaretz.org/igul-shachor68,en/night-life68,en,pt/night-life68,pt,0.9396376013755798
https://hitdarderut-haaretz.org/igul-shachor68,es/night-life68,es,pt/night-life68,pt,0.9778363704681396
https://hitdarderut-haaretz.org/igul-shachor69,en/night-life69,en,es/night-life69,es,0.8975311517715454
https://hitdarderut-haaretz.org/igul-shachor69,en/night-life69,en,pt/night-life69,pt,0.8871879577636719
https://hitdarderut-haaretz.org/igul-shachor69,es/night-life69,es,pt/night-life69,pt,0.9336898326873779
https://hitdarderut-haaretz.org/igul-shachor7,en/night-life7,en,es/night-life7,es,0.8947107791900635
https://hitdarderut-haaretz.org/igul-shachor7,en/night-life7,en,pt/night-life7,pt,0.8380011916160583
https://hitdarderut-haaretz.org/igul-shachor7,es/night-life7,es,pt/night-life7,pt,0.9565461874008179
https://hitdarderut-haaretz.org/igul-shachor70,en/night-life70,en,es/night-life70,es,0.9419905543327332
https://hitdarderut-haaretz.org/igul-shachor70,en/night-life70,en,pt/night-life70,pt,0.9404251575469971
https://hitdarderut-haaretz.org/igul-shachor70,es/night-life70,es,pt/night-life70,pt,0.9630733728408813
https://hitdarderut-haaretz.org/igul-shachor71,en/night-life71,en,es/night-life71,es,0.8138495683670044
https://hitdarderut-haaretz.org/igul-shachor71,en/night-life71,en,pt/night-life71,pt,0.8237789869308472
https://hitdarderut-haaretz.org/igul-shachor71,es/night-life71,es,pt/night-life71,pt,0.9623762369155884
https://hitdarderut-haaretz.org/igul-shachor73,en/night-life73,en,es/night-life73,es,0.9060624837875366
https://hitdarderut-haaretz.org/igul-shachor73,en/night-life73,en,pt/night-life73,pt,0.9094773530960083
https://hitdarderut-haaretz.org/igul-shachor73,es/night-life73,es,pt/night-life73,pt,0.964802086353302
https://hitdarderut-haaretz.org/igul-shachor74,en/night-life74,en,es/night-life74,es,0.9623827338218689
https://hitdarderut-haaretz.org/igul-shachor74,en/night-life74,en,pt/night-life74,pt,0.907037615776062
https://hitdarderut-haaretz.org/igul-shachor74,es/night-life74,es,pt/night-life74,pt,0.9616623520851135
https://hitdarderut-haaretz.org/igul-shachor75,en/night-life75,en,es/night-life75,es,0.9090147018432617
https://hitdarderut-haaretz.org/igul-shachor75,en/night-life75,en,pt/night-life75,pt,0.9225632548332214
https://hitdarderut-haaretz.org/igul-shachor75,es/night-life75,es,pt/night-life75,pt,0.9599031209945679
https://hitdarderut-haaretz.org/igul-shachor78,en/night-life78,en,es/night-life78,es,0.7904754877090454
https://hitdarderut-haaretz.org/igul-shachor78,en/night-life78,en,pt/night-life78,pt,0.7418417930603027
https://hitdarderut-haaretz.org/igul-shachor78,es/night-life78,es,pt/night-life78,pt,0.8145581483840942
https://hitdarderut-haaretz.org/igul-shachor8,en/night-life8,en,es/night-life8,es,0.8830546140670776
https://hitdarderut-haaretz.org/igul-shachor8,en/night-life8,en,pt/night-life8,pt,0.841684103012085
https://hitdarderut-haaretz.org/igul-shachor8,es/night-life8,es,pt/night-life8,pt,0.9415035247802734
https://hitdarderut-haaretz.org/igul-shachor80,en/night-life80,en,es/night-life80,es,0.8658996820449829
https://hitdarderut-haaretz.org/igul-shachor80,en/night-life80,en,pt/night-life80,pt,0.8678879141807556
https://hitdarderut-haaretz.org/igul-shachor80,es/night-life80,es,pt/night-life80,pt,0.97605299949646
https://hitdarderut-haaretz.org/igul-shachor81,en/night-life81,en,es/night-life81,es,0.9223957061767578
https://hitdarderut-haaretz.org/igul-shachor81,en/night-life81,en,pt/night-life81,pt,0.9119844436645508
https://hitdarderut-haaretz.org/igul-shachor81,es/night-life81,es,pt/night-life81,pt,0.9627730846405029
https://hitdarderut-haaretz.org/igul-shachor82,en/night-life82,en,es/night-life82,es,0.7585256695747375
https://hitdarderut-haaretz.org/igul-shachor82,en/night-life82,en,pt/night-life82,pt,0.7877997159957886
https://hitdarderut-haaretz.org/igul-shachor82,es/night-life82,es,pt/night-life82,pt,0.9504621624946594
https://hitdarderut-haaretz.org/igul-shachor84,en/night-life84,en,es/night-life84,es,0.8605601787567139
https://hitdarderut-haaretz.org/igul-shachor84,en/night-life84,en,pt/night-life84,pt,0.8973526954650879
https://hitdarderut-haaretz.org/igul-shachor84,es/night-life84,es,pt/night-life84,pt,0.9359931945800781
https://hitdarderut-haaretz.org/igul-shachor85,en/night-life85,en,es/night-life85,es,0.8492770791053772
https://hitdarderut-haaretz.org/igul-shachor85,en/night-life85,en,pt/night-life85,pt,0.8309826254844666
https://hitdarderut-haaretz.org/igul-shachor85,es/night-life85,es,pt/night-life85,pt,0.9627339243888855
https://hitdarderut-haaretz.org/igul-shachor87,en/night-life87,en,es/night-life87,es,0.8172380924224854
https://hitdarderut-haaretz.org/igul-shachor87,en/night-life87,en,pt/night-life87,pt,0.8711912631988525
https://hitdarderut-haaretz.org/igul-shachor87,es/night-life87,es,pt/night-life87,pt,0.9605629444122314
https://hitdarderut-haaretz.org/igul-shachor88,en/night-life88,en,es/night-life88,es,0.9438316822052002
https://hitdarderut-haaretz.org/igul-shachor88,en/night-life88,en,pt/night-life88,pt,0.9121667146682739
https://hitdarderut-haaretz.org/igul-shachor88,es/night-life88,es,pt/night-life88,pt,0.9658188223838806
https://hitdarderut-haaretz.org/igul-shachor9,en/night-life9,en,es/night-life9,es,0.8866784572601318
https://hitdarderut-haaretz.org/igul-shachor9,en/night-life9,en,pt/night-life9,pt,0.9086040258407593
https://hitdarderut-haaretz.org/igul-shachor9,es/night-life9,es,pt/night-life9,pt,0.9741597175598145
https://hitdarderut-haaretz.org/tarbut-vesifrut10,en/culture&literature10,en,es/culture&literature10,es,0.8727133870124817
https://hitdarderut-haaretz.org/tarbut-vesifrut10,en/culture&literature10,en,pt/culture&literature10,pt,0.8574492931365967
https://hitdarderut-haaretz.org/tarbut-vesifrut10,es/culture&literature10,es,pt/culture&literature10,pt,0.9054688811302185
https://hitdarderut-haaretz.org/tarbut-vesifrut11,en/culture&literature11,en,es/culture&literature11,es,0.9134089350700378
https://hitdarderut-haaretz.org/tarbut-vesifrut11,en/culture&literature11,en,pt/culture&literature11,pt,0.9189872741699219
https://hitdarderut-haaretz.org/tarbut-vesifrut11,es/culture&literature11,es,pt/culture&literature11,pt,0.9612113237380981
https://hitdarderut-haaretz.org/tarbut-vesifrut12,en/culture&literature12,en,es/culture&literature12,es,0.8957957029342651
https://hitdarderut-haaretz.org/tarbut-vesifrut12,en/culture&literature12,en,pt/culture&literature12,pt,0.8094775676727295
https://hitdarderut-haaretz.org/tarbut-vesifrut12,es/culture&literature12,es,pt/culture&literature12,pt,0.9057846665382385
https://hitdarderut-haaretz.org/tarbut-vesifrut14,en/culture&literature14,en,es/culture&literature14,es,0.8439288139343262
https://hitdarderut-haaretz.org/tarbut-vesifrut14,en/culture&literature14,en,pt/culture&literature14,pt,0.8912436962127686
https://hitdarderut-haaretz.org/tarbut-vesifrut14,es/culture&literature14,es,pt/culture&literature14,pt,0.9453723430633545
https://hitdarderut-haaretz.org/tarbut-vesifrut16,en/culture&literature16,en,es/culture&literature16,es,0.8828046321868896
https://hitdarderut-haaretz.org/tarbut-vesifrut16,en/culture&literature16,en,pt/culture&literature16,pt,0.9501212239265442
https://hitdarderut-haaretz.org/tarbut-vesifrut16,es/culture&literature16,es,pt/culture&literature16,pt,0.9292038679122925
https://hitdarderut-haaretz.org/tarbut-vesifrut17,en/culture&literature17,en,es/culture&literature17,es,0.9437624216079712
https://hitdarderut-haaretz.org/tarbut-vesifrut17,en/culture&literature17,en,pt/culture&literature17,pt,0.9368297457695007
https://hitdarderut-haaretz.org/tarbut-vesifrut17,es/culture&literature17,es,pt/culture&literature17,pt,0.9794635772705078
https://hitdarderut-haaretz.org/tarbut-vesifrut18,en/culture&literature18,en,es/culture&literature18,es,0.9174082279205322
https://hitdarderut-haaretz.org/tarbut-vesifrut18,en/culture&literature18,en,pt/culture&literature18,pt,0.9422357082366943
https://hitdarderut-haaretz.org/tarbut-vesifrut18,es/culture&literature18,es,pt/culture&literature18,pt,0.9340521097183228
https://hitdarderut-haaretz.org/tarbut-vesifrut2,en/culture&literature2,en,es/culture&literature2,es,0.9331244230270386
https://hitdarderut-haaretz.org/tarbut-vesifrut2,en/culture&literature2,en,pt/culture&literature2,pt,0.9269397258758545
https://hitdarderut-haaretz.org/tarbut-vesifrut2,es/culture&literature2,es,pt/culture&literature2,pt,0.9678818583488464
https://hitdarderut-haaretz.org/tarbut-vesifrut20,en/culture&literature20,en,es/culture&literature20,es,0.8767984509468079
https://hitdarderut-haaretz.org/tarbut-vesifrut20,en/culture&literature20,en,pt/culture&literature20,pt,0.9056696891784668
https://hitdarderut-haaretz.org/tarbut-vesifrut20,es/culture&literature20,es,pt/culture&literature20,pt,0.9754654169082642
https://hitdarderut-haaretz.org/tarbut-vesifrut21,en/culture&literature21,en,es/culture&literature21,es,0.9466854929924011
https://hitdarderut-haaretz.org/tarbut-vesifrut21,en/culture&literature21,en,pt/culture&literature21,pt,0.8108159899711609
https://hitdarderut-haaretz.org/tarbut-vesifrut21,es/culture&literature21,es,pt/culture&literature21,pt,0.820671796798706
https://hitdarderut-haaretz.org/tarbut-vesifrut22,en/culture&literature22,en,es/culture&literature22,es,0.8389667868614197
https://hitdarderut-haaretz.org/tarbut-vesifrut22,en/culture&literature22,en,pt/culture&literature22,pt,0.9251104593276978
https://hitdarderut-haaretz.org/tarbut-vesifrut22,es/culture&literature22,es,pt/culture&literature22,pt,0.8848552703857422
https://hitdarderut-haaretz.org/tarbut-vesifrut24,en/culture&literature24,en,es/culture&literature24,es,0.885159969329834
https://hitdarderut-haaretz.org/tarbut-vesifrut24,en/culture&literature24,en,pt/culture&literature24,pt,0.8770848512649536
https://hitdarderut-haaretz.org/tarbut-vesifrut24,es/culture&literature24,es,pt/culture&literature24,pt,0.9660629630088806
https://hitdarderut-haaretz.org/tarbut-vesifrut25,en/culture&literature25,en,es/culture&literature25,es,0.9614418745040894
https://hitdarderut-haaretz.org/tarbut-vesifrut25,en/culture&literature25,en,pt/culture&literature25,pt,0.9731249809265137
https://hitdarderut-haaretz.org/tarbut-vesifrut25,es/culture&literature25,es,pt/culture&literature25,pt,0.985129177570343
https://hitdarderut-haaretz.org/tarbut-vesifrut26,en/culture&literature26,en,es/culture&literature26,es,0.94450443983078
https://hitdarderut-haaretz.org/tarbut-vesifrut26,en/culture&literature26,en,pt/culture&literature26,pt,0.9395178556442261
https://hitdarderut-haaretz.org/tarbut-vesifrut26,es/culture&literature26,es,pt/culture&literature26,pt,0.9908047914505005
https://hitdarderut-haaretz.org/tarbut-vesifrut28,en/culture&literature28,en,es/culture&literature28,es,0.9098508954048157
https://hitdarderut-haaretz.org/tarbut-vesifrut28,en/culture&literature28,en,pt/culture&literature28,pt,0.9269943833351135
https://hitdarderut-haaretz.org/tarbut-vesifrut28,es/culture&literature28,es,pt/culture&literature28,pt,0.9670058488845825
https://hitdarderut-haaretz.org/tarbut-vesifrut3,en/culture&literature3,en,es/culture&literature3,es,0.9273519515991211
https://hitdarderut-haaretz.org/tarbut-vesifrut3,en/culture&literature3,en,pt/culture&literature3,pt,0.9261237382888794
https://hitdarderut-haaretz.org/tarbut-vesifrut3,es/culture&literature3,es,pt/culture&literature3,pt,0.9737362861633301
https://hitdarderut-haaretz.org/tarbut-vesifrut30,en/culture&literature30,en,es/culture&literature30,es,0.928341269493103
https://hitdarderut-haaretz.org/tarbut-vesifrut30,en/culture&literature30,en,pt/culture&literature30,pt,0.9438149333000183
https://hitdarderut-haaretz.org/tarbut-vesifrut30,es/culture&literature30,es,pt/culture&literature30,pt,0.9734712839126587
https://hitdarderut-haaretz.org/tarbut-vesifrut31,en/culture&literature31,en,es/culture&literature31,es,0.9115380048751831
https://hitdarderut-haaretz.org/tarbut-vesifrut31,en/culture&literature31,en,pt/culture&literature31,pt,0.8915214538574219
https://hitdarderut-haaretz.org/tarbut-vesifrut31,es/culture&literature31,es,pt/culture&literature31,pt,0.9541795253753662
https://hitdarderut-haaretz.org/tarbut-vesifrut32,en/culture&literature32,en,es/culture&literature32,es,0.7226089239120483
https://hitdarderut-haaretz.org/tarbut-vesifrut32,en/culture&literature32,en,pt/culture&literature32,pt,0.7290736436843872
https://hitdarderut-haaretz.org/tarbut-vesifrut32,es/culture&literature32,es,pt/culture&literature32,pt,0.9509547352790833
https://hitdarderut-haaretz.org/tarbut-vesifrut34,en/culture&literature34,en,es/culture&literature34,es,0.8753576874732971
https://hitdarderut-haaretz.org/tarbut-vesifrut34,en/culture&literature34,en,pt/culture&literature34,pt,0.8557751178741455
https://hitdarderut-haaretz.org/tarbut-vesifrut34,es/culture&literature34,es,pt/culture&literature34,pt,0.9753103852272034
https://hitdarderut-haaretz.org/tarbut-vesifrut35,en/culture&literature35,en,es/culture&literature35,es,0.6274145841598511
https://hitdarderut-haaretz.org/tarbut-vesifrut35,en/culture&literature35,en,pt/culture&literature35,pt,0.6199934482574463
https://hitdarderut-haaretz.org/tarbut-vesifrut35,es/culture&literature35,es,pt/culture&literature35,pt,0.8636341094970703
https://hitdarderut-haaretz.org/tarbut-vesifrut36,en/culture&literature36,en,es/culture&literature36,es,0.8411331176757812
https://hitdarderut-haaretz.org/tarbut-vesifrut36,en/culture&literature36,en,pt/culture&literature36,pt,0.8432696461677551
https://hitdarderut-haaretz.org/tarbut-vesifrut36,es/culture&literature36,es,pt/culture&literature36,pt,0.8708834052085876
https://hitdarderut-haaretz.org/tarbut-vesifrut38,en/culture&literature38,en,es/culture&literature38,es,0.855721652507782
https://hitdarderut-haaretz.org/tarbut-vesifrut38,en/culture&literature38,en,pt/culture&literature38,pt,0.8833616971969604
https://hitdarderut-haaretz.org/tarbut-vesifrut38,es/culture&literature38,es,pt/culture&literature38,pt,0.9310974478721619
https://hitdarderut-haaretz.org/tarbut-vesifrut39,en/culture&literature39,en,es/culture&literature39,es,0.9507381916046143
https://hitdarderut-haaretz.org/tarbut-vesifrut39,en/culture&literature39,en,pt/culture&literature39,pt,0.953636884689331
https://hitdarderut-haaretz.org/tarbut-vesifrut39,es/culture&literature39,es,pt/culture&literature39,pt,0.9853373765945435
https://hitdarderut-haaretz.org/tarbut-vesifrut4,en/culture&literature4,en,es/culture&literature4,es,0.931288480758667
https://hitdarderut-haaretz.org/tarbut-vesifrut4,en/culture&literature4,en,pt/culture&literature4,pt,0.9261050820350647
https://hitdarderut-haaretz.org/tarbut-vesifrut4,es/culture&literature4,es,pt/culture&literature4,pt,0.9604322910308838
https://hitdarderut-haaretz.org/tarbut-vesifrut43,en/culture&literature43,en,es/culture&literature43,es,0.8657962083816528
https://hitdarderut-haaretz.org/tarbut-vesifrut43,en/culture&literature43,en,pt/culture&literature43,pt,0.8503718376159668
https://hitdarderut-haaretz.org/tarbut-vesifrut43,es/culture&literature43,es,pt/culture&literature43,pt,0.917837381362915
https://hitdarderut-haaretz.org/tarbut-vesifrut44,en/culture&literature44,en,es/culture&literature44,es,0.9063389897346497
https://hitdarderut-haaretz.org/tarbut-vesifrut44,en/culture&literature44,en,pt/culture&literature44,pt,0.9243206977844238
https://hitdarderut-haaretz.org/tarbut-vesifrut44,es/culture&literature44,es,pt/culture&literature44,pt,0.9468550682067871
https://hitdarderut-haaretz.org/tarbut-vesifrut46,en/culture&literature46,en,es/culture&literature46,es,0.8444817066192627
https://hitdarderut-haaretz.org/tarbut-vesifrut46,en/culture&literature46,en,pt/culture&literature46,pt,0.7916864156723022
https://hitdarderut-haaretz.org/tarbut-vesifrut46,es/culture&literature46,es,pt/culture&literature46,pt,0.9659497737884521
https://hitdarderut-haaretz.org/tarbut-vesifrut47,en/culture&literature47,en,es/culture&literature47,es,0.8461772203445435
https://hitdarderut-haaretz.org/tarbut-vesifrut47,en/culture&literature47,en,pt/culture&literature47,pt,0.6869833469390869
https://hitdarderut-haaretz.org/tarbut-vesifrut47,es/culture&literature47,es,pt/culture&literature47,pt,0.9286476373672485
https://hitdarderut-haaretz.org/tarbut-vesifrut49,en/culture&literature49,en,es/culture&literature49,es,0.9063616394996643
https://hitdarderut-haaretz.org/tarbut-vesifrut49,en/culture&literature49,en,pt/culture&literature49,pt,0.9058988094329834
https://hitdarderut-haaretz.org/tarbut-vesifrut49,es/culture&literature49,es,pt/culture&literature49,pt,0.9827967286109924
https://hitdarderut-haaretz.org/tarbut-vesifrut5,en/culture&literature5,en,es/culture&literature5,es,0.8788170218467712
https://hitdarderut-haaretz.org/tarbut-vesifrut5,en/culture&literature5,en,pt/culture&literature5,pt,0.834202766418457
https://hitdarderut-haaretz.org/tarbut-vesifrut5,es/culture&literature5,es,pt/culture&literature5,pt,0.937020480632782
https://hitdarderut-haaretz.org/tarbut-vesifrut50,en/culture&literature50,en,es/culture&literature50,es,0.9330958127975464
https://hitdarderut-haaretz.org/tarbut-vesifrut50,en/culture&literature50,en,pt/culture&literature50,pt,0.9096899032592773
https://hitdarderut-haaretz.org/tarbut-vesifrut50,es/culture&literature50,es,pt/culture&literature50,pt,0.9667553901672363
https://hitdarderut-haaretz.org/tarbut-vesifrut51,en/culture&literature51,en,es/culture&literature51,es,0.9156666994094849
https://hitdarderut-haaretz.org/tarbut-vesifrut51,en/culture&literature51,en,pt/culture&literature51,pt,0.8908123970031738
https://hitdarderut-haaretz.org/tarbut-vesifrut51,es/culture&literature51,es,pt/culture&literature51,pt,0.9565962553024292
https://hitdarderut-haaretz.org/tarbut-vesifrut52,en/culture&literature52,en,es/culture&literature52,es,0.9345991015434265
https://hitdarderut-haaretz.org/tarbut-vesifrut52,en/culture&literature52,en,pt/culture&literature52,pt,0.9416625499725342
https://hitdarderut-haaretz.org/tarbut-vesifrut52,es/culture&literature52,es,pt/culture&literature52,pt,0.9783047437667847
https://hitdarderut-haaretz.org/tarbut-vesifrut54,en/culture&literature54,en,es/culture&literature54,es,0.9653332233428955
https://hitdarderut-haaretz.org/tarbut-vesifrut54,en/culture&literature54,en,pt/culture&literature54,pt,0.9271131753921509
https://hitdarderut-haaretz.org/tarbut-vesifrut54,es/culture&literature54,es,pt/culture&literature54,pt,0.972589373588562
https://hitdarderut-haaretz.org/tarbut-vesifrut56,en/culture&literature56,en,es/culture&literature56,es,0.9401502013206482
https://hitdarderut-haaretz.org/tarbut-vesifrut56,en/culture&literature56,en,pt/culture&literature56,pt,0.9189457297325134
https://hitdarderut-haaretz.org/tarbut-vesifrut56,es/culture&literature56,es,pt/culture&literature56,pt,0.951579213142395
https://hitdarderut-haaretz.org/tarbut-vesifrut57,en/culture&literature57,en,es/culture&literature57,es,0.9426146745681763
https://hitdarderut-haaretz.org/tarbut-vesifrut57,en/culture&literature57,en,pt/culture&literature57,pt,0.9435523748397827
https://hitdarderut-haaretz.org/tarbut-vesifrut57,es/culture&literature57,es,pt/culture&literature57,pt,0.9633707404136658
https://hitdarderut-haaretz.org/tarbut-vesifrut58,en/culture&literature58,en,es/culture&literature58,es,0.9465101957321167
https://hitdarderut-haaretz.org/tarbut-vesifrut58,en/culture&literature58,en,pt/culture&literature58,pt,0.9606982469558716
https://hitdarderut-haaretz.org/tarbut-vesifrut58,es/culture&literature58,es,pt/culture&literature58,pt,0.9736571311950684
https://hitdarderut-haaretz.org/tarbut-vesifrut6,en/culture&literature6,en,es/culture&literature6,es,0.8118588924407959
https://hitdarderut-haaretz.org/tarbut-vesifrut6,en/culture&literature6,en,pt/culture&literature6,pt,0.840349555015564
https://hitdarderut-haaretz.org/tarbut-vesifrut6,es/culture&literature6,es,pt/culture&literature6,pt,0.9482025504112244
https://hitdarderut-haaretz.org/tarbut-vesifrut60,en/culture&literature60,en,es/culture&literature60,es,0.9676033854484558
https://hitdarderut-haaretz.org/tarbut-vesifrut60,en/culture&literature60,en,pt/culture&literature60,pt,0.9539982080459595
https://hitdarderut-haaretz.org/tarbut-vesifrut60,es/culture&literature60,es,pt/culture&literature60,pt,0.9814445376396179
https://hitdarderut-haaretz.org/tarbut-vesifrut61,en/culture&literature61,en,es/culture&literature61,es,0.8321788311004639
https://hitdarderut-haaretz.org/tarbut-vesifrut61,en/culture&literature61,en,pt/culture&literature61,pt,0.6172918081283569
https://hitdarderut-haaretz.org/tarbut-vesifrut61,es/culture&literature61,es,pt/culture&literature61,pt,0.6526809334754944
https://hitdarderut-haaretz.org/tarbut-vesifrut62,en/culture&literature62,en,es/culture&literature62,es,0.9284645915031433
https://hitdarderut-haaretz.org/tarbut-vesifrut62,en/culture&literature62,en,pt/culture&literature62,pt,0.9154458045959473
https://hitdarderut-haaretz.org/tarbut-vesifrut62,es/culture&literature62,es,pt/culture&literature62,pt,0.9794948697090149
https://hitdarderut-haaretz.org/tarbut-vesifrut64,en/culture&literature64,en,es/culture&literature64,es,0.9179355502128601
https://hitdarderut-haaretz.org/tarbut-vesifrut64,en/culture&literature64,en,pt/culture&literature64,pt,0.9098675847053528
https://hitdarderut-haaretz.org/tarbut-vesifrut64,es/culture&literature64,es,pt/culture&literature64,pt,0.9661674499511719
https://hitdarderut-haaretz.org/tarbut-vesifrut65,en/culture&literature65,en,es/culture&literature65,es,0.9197449088096619
https://hitdarderut-haaretz.org/tarbut-vesifrut65,en/culture&literature65,en,pt/culture&literature65,pt,0.8726344704627991
https://hitdarderut-haaretz.org/tarbut-vesifrut65,es/culture&literature65,es,pt/culture&literature65,pt,0.9413392543792725
https://hitdarderut-haaretz.org/tarbut-vesifrut66,en/culture&literature66,en,es/culture&literature66,es,0.8736127018928528
https://hitdarderut-haaretz.org/tarbut-vesifrut66,en/culture&literature66,en,pt/culture&literature66,pt,0.9279527068138123
https://hitdarderut-haaretz.org/tarbut-vesifrut66,es/culture&literature66,es,pt/culture&literature66,pt,0.9410045146942139
https://hitdarderut-haaretz.org/tarbut-vesifrut68,en/culture&literature68,en,es/culture&literature68,es,0.9026098251342773
https://hitdarderut-haaretz.org/tarbut-vesifrut68,en/culture&literature68,en,pt/culture&literature68,pt,0.8843754529953003
https://hitdarderut-haaretz.org/tarbut-vesifrut68,es/culture&literature68,es,pt/culture&literature68,pt,0.9664356708526611
https://hitdarderut-haaretz.org/tarbut-vesifrut69,en/culture&literature69,en,es/culture&literature69,es,0.9144291281700134
https://hitdarderut-haaretz.org/tarbut-vesifrut69,en/culture&literature69,en,pt/culture&literature69,pt,0.8523072004318237
https://hitdarderut-haaretz.org/tarbut-vesifrut69,es/culture&literature69,es,pt/culture&literature69,pt,0.9258096218109131
https://hitdarderut-haaretz.org/tarbut-vesifrut7,en/culture&literature7,en,es/culture&literature7,es,0.9132964611053467
https://hitdarderut-haaretz.org/tarbut-vesifrut7,en/culture&literature7,en,pt/culture&literature7,pt,0.9542603492736816
https://hitdarderut-haaretz.org/tarbut-vesifrut7,es/culture&literature7,es,pt/culture&literature7,pt,0.9678266048431396
https://hitdarderut-haaretz.org/tarbut-vesifrut70,en/culture&literature70,en,es/culture&literature70,es,0.9193488359451294
https://hitdarderut-haaretz.org/tarbut-vesifrut70,en/culture&literature70,en,pt/culture&literature70,pt,0.8758025169372559
https://hitdarderut-haaretz.org/tarbut-vesifrut70,es/culture&literature70,es,pt/culture&literature70,pt,0.9471912980079651
https://hitdarderut-haaretz.org/tarbut-vesifrut74,en/culture&literature74,en,es/culture&literature74,es,0.899509072303772
https://hitdarderut-haaretz.org/tarbut-vesifrut74,en/culture&literature74,en,pt/culture&literature74,pt,0.8971754908561707
https://hitdarderut-haaretz.org/tarbut-vesifrut74,es/culture&literature74,es,pt/culture&literature74,pt,0.9150735139846802
https://hitdarderut-haaretz.org/tarbut-vesifrut75,en/culture&literature75,en,es/culture&literature75,es,0.922174334526062
https://hitdarderut-haaretz.org/tarbut-vesifrut75,en/culture&literature75,en,pt/culture&literature75,pt,0.9135738015174866
https://hitdarderut-haaretz.org/tarbut-vesifrut75,es/culture&literature75,es,pt/culture&literature75,pt,0.9687557220458984
https://hitdarderut-haaretz.org/tarbut-vesifrut76,en/culture&literature76,en,es/culture&literature76,es,0.9289604425430298
https://hitdarderut-haaretz.org/tarbut-vesifrut76,en/culture&literature76,en,pt/culture&literature76,pt,0.8823773264884949
https://hitdarderut-haaretz.org/tarbut-vesifrut76,es/culture&literature76,es,pt/culture&literature76,pt,0.9682978391647339
https://hitdarderut-haaretz.org/tarbut-vesifrut77,en/culture&literature77,en,es/culture&literature77,es,0.9419201612472534
https://hitdarderut-haaretz.org/tarbut-vesifrut77,en/culture&literature77,en,pt/culture&literature77,pt,0.9368094801902771
https://hitdarderut-haaretz.org/tarbut-vesifrut77,es/culture&literature77,es,pt/culture&literature77,pt,0.984492301940918
https://hitdarderut-haaretz.org/tarbut-vesifrut78,en/culture&literature78,en,es/culture&literature78,es,0.939956545829773
https://hitdarderut-haaretz.org/tarbut-vesifrut78,en/culture&literature78,en,pt/culture&literature78,pt,0.9576340913772583
https://hitdarderut-haaretz.org/tarbut-vesifrut78,es/culture&literature78,es,pt/culture&literature78,pt,0.9851581454277039
https://hitdarderut-haaretz.org/tarbut-vesifrut8,en/culture&literature8,en,es/culture&literature8,es,0.950466513633728
https://hitdarderut-haaretz.org/tarbut-vesifrut8,en/culture&literature8,en,pt/culture&literature8,pt,0.9287145137786865
https://hitdarderut-haaretz.org/tarbut-vesifrut8,es/culture&literature8,es,pt/culture&literature8,pt,0.945939302444458
https://hitdarderut-haaretz.org/tarbut-vesifrut80,en/culture&literature80,en,es/culture&literature80,es,0.953113853931427
https://hitdarderut-haaretz.org/tarbut-vesifrut80,en/culture&literature80,en,pt/culture&literature80,pt,0.9377201199531555
https://hitdarderut-haaretz.org/tarbut-vesifrut80,es/culture&literature80,es,pt/culture&literature80,pt,0.9718738198280334
https://hitdarderut-haaretz.org/tarbut-vesifrut81,en/culture&literature81,en,es/culture&literature81,es,0.9551137685775757
https://hitdarderut-haaretz.org/tarbut-vesifrut81,en/culture&literature81,en,pt/culture&literature81,pt,0.9538561105728149
https://hitdarderut-haaretz.org/tarbut-vesifrut81,es/culture&literature81,es,pt/culture&literature81,pt,0.9858564734458923
https://hitdarderut-haaretz.org/tarbut-vesifrut82,en/culture&literature82,en,es/culture&literature82,es,0.9157325029373169
https://hitdarderut-haaretz.org/tarbut-vesifrut82,en/culture&literature82,en,pt/culture&literature82,pt,0.9198597073554993
https://hitdarderut-haaretz.org/tarbut-vesifrut82,es/culture&literature82,es,pt/culture&literature82,pt,0.9776960611343384
https://hitdarderut-haaretz.org/tarbut-vesifrut83,en/culture&literature83,en,es/culture&literature83,es,0.932323694229126
https://hitdarderut-haaretz.org/tarbut-vesifrut83,en/culture&literature83,en,pt/culture&literature83,pt,0.9165889024734497
https://hitdarderut-haaretz.org/tarbut-vesifrut83,es/culture&literature83,es,pt/culture&literature83,pt,0.9793596267700195
https://hitdarderut-haaretz.org/tarbut-vesifrut84,en/culture&literature84,en,es/culture&literature84,es,0.8303881287574768
https://hitdarderut-haaretz.org/tarbut-vesifrut84,en/culture&literature84,en,pt/culture&literature84,pt,0.8392029404640198
https://hitdarderut-haaretz.org/tarbut-vesifrut84,es/culture&literature84,es,pt/culture&literature84,pt,0.976823091506958
https://hitdarderut-haaretz.org/tarbut-vesifrut85,en/culture&literature85,en,es/culture&literature85,es,0.7614017724990845
https://hitdarderut-haaretz.org/tarbut-vesifrut85,en/culture&literature85,en,pt/culture&literature85,pt,0.871641993522644
https://hitdarderut-haaretz.org/tarbut-vesifrut85,es/culture&literature85,es,pt/culture&literature85,pt,0.9161779880523682
https://hitdarderut-haaretz.org/tarbut-vesifrut86,en/culture&literature86,en,es/culture&literature86,es,0.9121425151824951
https://hitdarderut-haaretz.org/tarbut-vesifrut86,en/culture&literature86,en,pt/culture&literature86,pt,0.9200564026832581
https://hitdarderut-haaretz.org/tarbut-vesifrut86,es/culture&literature86,es,pt/culture&literature86,pt,0.9795278310775757
https://hitdarderut-haaretz.org/tarbut-vesifrut87,en/culture&literature87,en,es/culture&literature87,es,0.8746787905693054
https://hitdarderut-haaretz.org/tarbut-vesifrut87,en/culture&literature87,en,pt/culture&literature87,pt,0.8704072833061218
https://hitdarderut-haaretz.org/tarbut-vesifrut87,es/culture&literature87,es,pt/culture&literature87,pt,0.9425913095474243
https://hitdarderut-haaretz.org/tarbut-vesifrut88,en/culture&literature88,en,es/culture&literature88,es,0.8425866365432739
https://hitdarderut-haaretz.org/tarbut-vesifrut88,en/culture&literature88,en,pt/culture&literature88,pt,0.9188182353973389
https://hitdarderut-haaretz.org/tarbut-vesifrut88,es/culture&literature88,es,pt/culture&literature88,pt,0.9217106699943542
https://hitdarderut-haaretz.org/tarbut-vesifrut89,en/culture&literature89,en,es/culture&literature89,es,0.9219164252281189
https://hitdarderut-haaretz.org/tarbut-vesifrut89,en/culture&literature89,en,pt/culture&literature89,pt,0.9127748012542725
https://hitdarderut-haaretz.org/tarbut-vesifrut89,es/culture&literature89,es,pt/culture&literature89,pt,0.9708857536315918
https://hitdarderut-haaretz.org/tzurat-atid,en/future-tense,en,es/future-tense,es,0.8241245746612549
https://hitdarderut-haaretz.org/tzurat-atid,en/future-tense,en,pt/future-tense,pt,0.8408244848251343
https://hitdarderut-haaretz.org/tzurat-atid,es/future-tense,es,pt/future-tense,pt,0.9742383360862732
https://hitdarderut-haaretz.org/tzurat-atid0,en/future-tense0,en,es/future-tense0,es,0.7953776717185974
https://hitdarderut-haaretz.org/tzurat-atid0,en/future-tense0,en,pt/future-tense0,pt,0.8365740776062012
https://hitdarderut-haaretz.org/tzurat-atid0,es/future-tense0,es,pt/future-tense0,pt,0.9510001540184021
https://hitdarderut-haaretz.org/tzurat-atid1,en/future-tense1,en,es/future-tense1,es,0.9077780842781067
https://hitdarderut-haaretz.org/tzurat-atid1,en/future-tense1,en,pt/future-tense1,pt,0.905224084854126
https://hitdarderut-haaretz.org/tzurat-atid1,es/future-tense1,es,pt/future-tense1,pt,0.9507182836532593
https://hitdarderut-haaretz.org/tzurat-atid10,en/future-tense10,en,es/future-tense10,es,0.8791255950927734
https://hitdarderut-haaretz.org/tzurat-atid10,en/future-tense10,en,pt/future-tense10,pt,0.8593370914459229
https://hitdarderut-haaretz.org/tzurat-atid10,es/future-tense10,es,pt/future-tense10,pt,0.967435359954834
https://hitdarderut-haaretz.org/tzurat-atid11,en/future-tense11,en,es/future-tense11,es,0.8344698548316956
https://hitdarderut-haaretz.org/tzurat-atid11,en/future-tense11,en,pt/future-tense11,pt,0.72898268699646
https://hitdarderut-haaretz.org/tzurat-atid11,es/future-tense11,es,pt/future-tense11,pt,0.8753345012664795
https://hitdarderut-haaretz.org/tzurat-atid12,en/future-tense12,en,es/future-tense12,es,0.7142641544342041
https://hitdarderut-haaretz.org/tzurat-atid12,en/future-tense12,en,pt/future-tense12,pt,0.7091220021247864
https://hitdarderut-haaretz.org/tzurat-atid12,es/future-tense12,es,pt/future-tense12,pt,0.7924689054489136
https://hitdarderut-haaretz.org/tzurat-atid14,en/future-tense14,en,es/future-tense14,es,0.8029627799987793
https://hitdarderut-haaretz.org/tzurat-atid14,en/future-tense14,en,pt/future-tense14,pt,0.8346933126449585
https://hitdarderut-haaretz.org/tzurat-atid14,es/future-tense14,es,pt/future-tense14,pt,0.9381178617477417
https://hitdarderut-haaretz.org/tzurat-atid2,en/future-tense2,en,es/future-tense2,es,0.9009840488433838
https://hitdarderut-haaretz.org/tzurat-atid2,en/future-tense2,en,pt/future-tense2,pt,0.8958790302276611
https://hitdarderut-haaretz.org/tzurat-atid2,es/future-tense2,es,pt/future-tense2,pt,0.9428263306617737
https://hitdarderut-haaretz.org/tzurat-atid4,en/future-tense4,en,es/future-tense4,es,0.7037258148193359
https://hitdarderut-haaretz.org/tzurat-atid4,en/future-tense4,en,pt/future-tense4,pt,0.7614456415176392
https://hitdarderut-haaretz.org/tzurat-atid4,es/future-tense4,es,pt/future-tense4,pt,0.714582085609436
https://hitdarderut-haaretz.org/tzurat-atid5,en/future-tense5,en,es/future-tense5,es,0.7145018577575684
https://hitdarderut-haaretz.org/tzurat-atid5,en/future-tense5,en,pt/future-tense5,pt,0.7797351479530334
https://hitdarderut-haaretz.org/tzurat-atid5,es/future-tense5,es,pt/future-tense5,pt,0.9405462741851807
https://hitdarderut-haaretz.org/tzurat-atid6,en/future-tense6,en,es/future-tense6,es,0.7926229238510132
https://hitdarderut-haaretz.org/tzurat-atid6,en/future-tense6,en,pt/future-tense6,pt,0.7499663829803467
https://hitdarderut-haaretz.org/tzurat-atid6,es/future-tense6,es,pt/future-tense6,pt,0.8960072994232178
https://hitdarderut-haaretz.org/tzurat-atid8,en/future-tense8,en,es/future-tense8,es,0.8209686279296875
https://hitdarderut-haaretz.org/tzurat-atid8,en/future-tense8,en,pt/future-tense8,pt,0.7963933944702148
https://hitdarderut-haaretz.org/tzurat-atid8,es/future-tense8,es,pt/future-tense8,pt,0.9735335111618042
